,t,temp,depth,so2_emitted,so2_pool,so2_oxidised,so4_pool,so4_removed,d34S_so2_pool,d34S_so4_pool,d33S_so4_pool,D33S_so4_pool,f_volc,d34S_so4_tot,d33S_so4_tot,D33S_so4_tot,so4_norm
0,0.0,5.711351079360378,60.24999999999997,4.440892098500626e-16,2.220446049250313e-16,2.0816681711721685e-17,6.938893903907228e-18,8.673617379884035e-19,0.02939251809914565,0.5732765666561283,0.2936758889791022,0.05064868219270372,1.734723475976807e-18,0.0033422078479570265,0.0017121332320050606,0.00029528229995605756,8.0426496337911625e-19
1,0.0,5.711351079360378,60.24858123569791,4.440892098500626e-16,8.881784197001252e-16,1.3877787807814457e-17,0.0,6.938893903907228e-18,0.043704723467323216,0.558621455212029,0.28632491142083094,0.0506411486864667,0.0,0.00922879038052343,0.004730274076604939,0.0008366247688766863,6.43411970703293e-18
2,0.0,5.711351079360378,60.24716247139585,4.440892098500626e-16,0.0,0.0,0.0,6.938893903907228e-18,0.0577616730559515,0.5442276509584971,0.2791088623787976,0.05063374570926664,6.938893903907228e-18,0.016996404068095976,0.008716659279663103,0.0015813081162639048,6.43411970703293e-18
3,0.0,5.711351079360378,60.245743707093794,4.440892098500626e-16,8.881784197001252e-16,5.551115123125783e-17,1.1102230246251565e-16,2.0816681711721685e-17,0.07156409952540123,0.5300944062233557,0.2720276079456959,0.050626473039977755,0.0,0.026096279336638946,0.013391781465502652,0.002492315645608616,1.930235912109879e-17
4,0.0,5.711351079360378,60.244324942791735,4.440892098500626e-16,0.0,0.0,1.1102230246251565e-16,0.0,0.08511285264757049,0.5162208533912819,0.2650809559378116,0.050619330393775905,1.3877787807814457e-17,0.03607708372681578,0.0185256906591955,0.0035376289214480777,0.0
5,0.0,5.711351079360378,60.242906178489676,4.440892098500626e-16,1.7763568394002505e-15,5.551115123125783e-17,2.220446049250313e-16,2.7755575615628914e-17,0.0984088982207844,0.5026060060130751,0.2582686565003025,0.05061231742224199,1.3877787807814457e-17,0.0465701879233573,0.02393051361113099,0.004689607974022302,2.573647882813172e-17
6,0.0,5.711351079360378,60.24148741418762,4.440892098500626e-16,0.0,1.1102230246251565e-16,1.1102230246251565e-16,5.551115123125783e-17,0.11145331678114385,0.48924876012324664,0.25159040281674866,0.050605433714232616,1.3877787807814457e-17,0.0572770086466276,0.029454025951774182,0.005924446009196373,5.147295765626344e-17
7,0.0,5.711351079360378,60.24006864988556,4.440892098500626e-16,0.0,5.551115123125783e-17,0.0,0.0,0.12424730211453278,0.4761478957620502,0.24504583191889034,0.05059867879643807,2.7755575615628914e-17,0.06795814579839611,0.03497413413154165,0.0072216897763483,0.0
8,0.0,5.711351079360378,60.2386498855835,4.440892098500626e-16,1.7763568394002505e-15,2.7755575615628914e-16,2.220446049250313e-16,2.7755575615628914e-17,0.1367921595741046,0.46330207869627543,0.2386345255923982,0.05059205213414874,5.551115123125783e-17,0.07842406894794803,0.040394143149717655,0.008563817792381856,2.573647882813172e-17
9,0.0,5.711351079360378,60.23723112128143,4.440892098500626e-16,1.7763568394002505e-15,5.551115123125783e-17,6.661338147750939e-16,2.7755575615628914e-17,0.14908930420851987,0.450709862334419,0.23235601137391731,0.05058555313209599,5.551115123125783e-17,0.0885271409764925,0.04563870262144793,0.009935869542113923,2.573647882813172e-17
10,0.0,5.711351079360378,60.23581235697937,4.440892098500626e-16,1.7763568394002505e-15,5.551115123125783e-17,2.220446049250313e-16,5.551115123125783e-17,0.16114025870725227,0.43836968982886687,0.22620976363383058,0.050579181135602336,2.7755575615628914e-17,0.09815479511357544,0.05065033809896144,0.011325119588709624,5.147295765626344e-17
11,0.0,5.711351079360378,60.234393592677314,4.440892098500626e-16,0.0,1.1102230246251565e-16,4.440892098500626e-16,0.0,0.17294665116936067,0.42627989635907265,0.2201952047384428,0.05057293543152149,5.551115123125783e-17,0.10722370626326146,0.055386487036127405,0.012720791245132196,0.0
12,0.0,5.711351079360378,60.232974828375255,4.440892098500626e-16,0.0,1.1102230246251565e-16,8.881784197001252e-16,5.551115123125783e-17,0.18451021270313467,0.4144387115879762,0.21431170628531096,0.050566815249470855,0.0,0.11567481891972103,0.05981696961160272,0.014113805090545575,5.147295765626344e-17
13,0.0,5.711351079360378,60.231556064073196,4.440892098500626e-16,0.0,1.1102230246251565e-16,4.440892098500626e-16,1.1102230246251565e-16,0.19583277486415004,0.40284426228389614,0.20855859040421745,0.050560819763089286,0.0,0.12346911253900268,0.06392183401993434,0.01549655817362415,1.0294591531252688e-16
14,0.0,5.711351079360378,60.23013729977114,4.440892098500626e-16,3.552713678800501e-15,0.0,4.440892098500626e-16,1.1102230246251565e-16,0.20691626694013085,0.39149457509950397,0.20293513111583455,0.050554948091489416,0.0,0.1305840013373518,0.0676895239896757,0.016862730237094326,1.0294591531252688e-16
15,0.0,5.711351079360378,60.22871853546908,4.440892098500626e-16,5.329070518200751e-15,0.0,1.3322676295501878e-15,1.1102230246251565e-16,0.2177627130909657,0.38038757949897545,0.19744055573984876,0.05054919930050663,1.1102230246251565e-16,0.13701027944969668,0.0711153233558535,0.018207113731849585,1.0294591531252688e-16
16,0.0,5.711351079360378,60.22729977116702,4.440892098500626e-16,3.552713678800501e-15,0.0,1.3322676295501878e-15,1.6653345369377348e-16,0.22837422935308016,0.369521110824415,0.19207404634339123,0.05054357240443537,1.6653345369377348e-16,0.142749534486261,0.07420003864255541,0.01952546477225263,1.5441887296879031e-16
17,0.0,5.711351079360378,60.22588100686496,4.440892098500626e-16,7.105427357601002e-15,1.1102230246251565e-16,1.3322676295501878e-15,2.220446049250313e-16,0.2387530205173801,0.3588929134915029,0.18683474122020172,0.05053806636753941,1.1102230246251565e-16,0.14781196301463634,0.07694888592372123,0.020814372521531645,2.0589183062505376e-16
18,0.0,5.711351079360378,60.2244622425629,4.440892098500626e-16,1.7763568394002505e-15,2.220446049250313e-16,1.3322676295501878e-15,0.0,0.24890137689054537,0.3485006443049257,0.18172173639022454,0.050532680105625935,1.6653345369377348e-16,0.15221453058274453,0.07937055283351828,0.022071144794314313,0.0
19,0.0,5.711351079360378,60.22304347826084,4.440892098500626e-16,0.0,0.0,4.440892098500626e-16,0.0,0.25882167094928926,0.3383418758833869,0.17673408710901461,0.050527412487956294,5.551115123125783e-17,0.1559794267688515,0.0814764105856101,0.02329370792606554,0.0
20,0.0,5.711351079360378,60.22162471395878,4.440892098500626e-16,1.7763568394002505e-15,1.1102230246251565e-16,1.7763568394002505e-15,1.1102230246251565e-16,0.268516353897949,0.32841410018372413,0.17187080937602686,0.05052226233884012,2.220446049250313e-16,0.15913277255949002,0.08327985431426431,0.024480519190436322,1.0294591531252688e-16
21,0.0,5.711351079360378,60.22020594965672,4.440892098500626e-16,3.552713678800501e-15,0.0,8.881784197001252e-16,1.1102230246251565e-16,0.27798795213939964,0.31871473211381884,0.16713088142947957,0.05051722843961543,2.220446049250313e-16,0.1617035432546333,0.08479575303963502,0.02563049025036066,1.0294591531252688e-16
22,0.0,5.711351079360378,60.218787185354664,4.440892098500626e-16,1.7763568394002505e-15,1.1102230246251565e-16,0.0,1.1102230246251565e-16,0.28723906366968976,0.30924111322371856,0.162513245216217,0.05051230953037738,0.0,0.16372267520282516,0.0860399931474928,0.02674292030828275,1.0294591531252688e-16
23,0.0,5.711351079360378,60.217368421052605,4.440892098500626e-16,0.0,2.220446049250313e-16,8.881784197001252e-16,0.0,0.2962723544068484,0.2999905154643519,0.1580168078241562,0.050507504312124994,1.1102230246251565e-16,0.165222329082977,0.08702910151193327,0.02781743778032687,0.0
24,0.0,5.711351079360378,60.215949656750546,4.440892098500626e-16,0.0,2.220446049250313e-16,1.7763568394002505e-15,2.220446049250313e-16,0.3050905544640134,0.29096014500315437,0.1536404428639638,0.0505028114485305,0.0,0.16623528626574555,0.0877799363249906,0.02885394945854327,2.0589183062505376e-16
25,0.0,5.711351079360378,60.21453089244848,4.440892098500626e-16,7.105427357601002e-15,5.551115123125783e-16,8.881784197001252e-16,0.0,0.31369645437755406,0.2821471460861923,0.14938299178785203,0.050498229567948465,1.1102230246251565e-16,0.16679445808564566,0.08830943537120044,0.029852596249537927,0.0
26,0.0,5.711351079360378,60.21311212814642,4.440892098500626e-16,0.0,1.1102230246251565e-16,8.881784197001252e-16,1.1102230246251565e-16,0.32209290130005597,0.2735486049357501,0.14524326513188773,0.05049375726547502,1.1102230246251565e-16,0.16693249070373495,0.08863441293039566,0.030813714686263278,1.0294591531252688e-16
27,0.0,5.711351079360378,60.21169336384436,4.440892098500626e-16,3.552713678800501e-15,0.0,1.7763568394002505e-15,2.220446049250313e-16,0.3302804591624384,0.26512340459359257,0.14116412625727265,0.05042275199098853,0.0,0.16665747006054749,0.08873624786694262,0.031695912675797286,2.0589183062505376e-16
28,0.0,5.711351079360378,60.2102745995423,4.440892098500626e-16,0.0,2.220446049250313e-16,2.6645352591003757e-15,2.220446049250313e-16,0.3382615274448488,0.25692110188505385,0.13719050762246518,0.0503261322088101,1.1102230246251565e-16,0.16603259428937897,0.08865794099943419,0.03252274036609643,2.0589183062505376e-16
29,0.0,5.711351079360378,60.20885583524024,4.440892098500626e-16,0.0,2.220446049250313e-16,2.6645352591003757e-15,2.220446049250313e-16,0.3460396564398579,0.24895730143475991,0.13334421729241508,0.05022985156158228,1.1102230246251565e-16,0.16510128273765273,0.08843002873886466,0.033310984963067385,2.0589183062505376e-16
30,0.0,5.711351079360378,60.207437070938184,4.440892098500626e-16,7.105427357601002e-15,3.3306690738754696e-16,0.0,0.0,0.353618499575134,0.24122721768857658,0.12962293788858784,0.0501339049160086,2.220446049250313e-16,0.16389312411068985,0.08806762541361686,0.03406167172711218,0.0
31,0.0,5.711351079360378,60.206018306636125,4.440892098500626e-16,0.0,0.0,2.6645352591003757e-15,2.220446049250313e-16,0.36100178285630935,0.23372623882737217,0.12602441852753335,0.05003828750402712,3.3306690738754696e-16,0.16243635631592154,0.08758514857018194,0.034775886264297264,2.0589183062505376e-16
32,0.0,5.711351079360378,60.204599542334066,4.440892098500626e-16,3.552713678800501e-15,1.1102230246251565e-16,1.7763568394002505e-15,0.0,0.3681932822844805,0.22644989944506766,0.12254645956599321,0.04994299487202365,1.1102230246251565e-16,0.16075780833632378,0.08699628618728493,0.03545475805930484,0.0
33,0.0,5.711351079360378,60.20318077803201,4.440892098500626e-16,3.552713678800501e-15,0.0,1.7763568394002505e-15,3.3306690738754696e-16,0.3751968069229933,0.21939385882899337,0.11918690004757203,0.049848022839603344,2.220446049250313e-16,0.1588828684827131,0.08631397736561498,0.03609944644403753,3.0883774593758063e-16
34,0.0,5.711351079360378,60.20176201372995,4.440892098500626e-16,0.0,4.440892098500626e-16,1.7763568394002505e-15,1.1102230246251565e-16,0.38201618599400283,0.21255388361205857,0.11594360725506787,0.04975336746544945,1.1102230246251565e-16,0.15683547409345408,0.08555040398670088,0.03671112868693271,1.0294591531252688e-16
35,0.0,5.711351079360378,60.20034324942789,4.440892098500626e-16,3.552713678800501e-15,4.440892098500626e-16,1.7763568394002505e-15,1.1102230246251565e-16,0.38865525886989033,0.20592583385504654,0.11281446791638353,0.04965902501948426,1.1102230246251565e-16,0.15463811851168463,0.08471699122396843,0.03729098992768037,1.0294591531252688e-16
36,0.0,5.711351079360378,60.19892448512583,4.440892098500626e-16,3.552713678800501e-15,4.440892098500626e-16,2.6645352591003757e-15,0.0,0.39511786715788116,0.19950565181913438,0.10979738072134941,0.04956499195971319,1.1102230246251565e-16,0.15231187181242534,0.08382441512449582,0.03784021471529901,0.0
37,0.0,5.711351079360378,60.19750572082377,4.440892098500626e-16,3.552713678800501e-15,0.0,0.0,3.3306690738754696e-16,0.40140784830885223,0.1932893528554915,0.10689024988943216,0.04947126491304103,2.220446049250313e-16,0.14987641231299167,0.08288261576748354,0.038359979937930264,3.0883774593758063e-16
38,0.0,5.711351079360378,60.19608695652171,4.440892098500626e-16,3.552713678800501e-15,0.0,1.7763568394002505e-15,2.220446049250313e-16,0.4075290303445624,0.18727301795225273,0.10409097959359585,0.04937784065922952,2.220446049250313e-16,0.14735006636976458,0.08190081475336018,0.038851448958803964,2.0589183062505376e-16
39,0.0,5.711351079360378,60.19466819221965,4.440892098500626e-16,0.0,0.0,1.7763568394002505e-15,0.0,0.41348522741255156,0.18145278757961525,0.10139746909550901,0.049284716117580486,2.220446049250313e-16,0.14474985437618643,0.08088753598921106,0.03931576679614984,0.0
40,0.0,5.711351079360378,60.19324942791759,4.440892098500626e-16,3.552713678800501e-15,2.220446049250313e-16,8.881784197001252e-16,0.0,0.41928023596010816,0.17582485653580301,0.0988076084878007,0.04919188833567825,0.0,0.14209154121587977,0.07985062891848828,0.03975405620486126,0.0
41,0.0,5.711351079360378,60.19183066361553,4.440892098500626e-16,3.552713678800501e-15,2.220446049250313e-16,1.7763568394002505e-15,0.0,0.42491783137704,0.17038546956095482,0.09631927497044981,0.04909935448012338,1.1102230246251565e-16,0.1393896897265486,0.07879729349816444,0.04016741453595505,0.0
42,0.0,5.711351079360378,60.19041189931347,4.440892098500626e-16,3.552713678800501e-15,0.0,8.881784197001252e-16,1.1102230246251565e-16,0.43040176499918037,0.16513091752860787,0.09393032961481182,0.04900711182827567,0.0,0.1366577159809171,0.07773410636001019,0.04055691126474417,1.0294591531252688e-16
43,0.0,5.711351079360378,60.18899313501141,4.440892098500626e-16,3.552713678800501e-15,0.0,2.6645352591003757e-15,2.220446049250313e-16,0.43573576139465603,0.16005753405515655,0.09163861458865485,0.04891515776182755,1.1102230246251565e-16,0.13390794540132736,0.07666704770524695,0.040923586093803706,2.0589183062505376e-16
44,0.0,5.711351079360378,60.18757437070935,4.440892098500626e-16,0.0,0.0,2.6645352591003757e-15,2.220446049250313e-16,0.4409235158771277,0.15516169240134547,0.08944195083230938,0.04882348976100074,1.1102230246251565e-16,0.13115166891072033,0.07560152857797937,0.041268447547206495,2.0589183062505376e-16
45,0.0,5.711351079360378,60.18615560640729,4.440892098500626e-16,0.0,0.0,1.7763568394002505e-15,1.1102230246251565e-16,0.44596869220602287,0.15043980256554554,0.08733813618781508,0.0487321053996253,0.0,0.12839919847934375,0.07454241824273401,0.04159247198424491,1.0294591531252688e-16
46,0.0,5.711351079360378,60.18473684210523,4.440892098500626e-16,7.105427357601002e-15,0.0,0.0,3.3306690738754696e-16,0.4508749204447685,0.14588830848200618,0.08532494399296521,0.04864100234108698,1.1102230246251565e-16,0.12565992155264838,0.07349407145921201,0.04189660296991554,3.0883774593758063e-16
47,0.0,5.711351079360378,60.18331807780317,4.440892098500626e-16,7.105427357601002e-15,2.220446049250313e-16,1.7763568394002505e-15,1.1102230246251565e-16,0.45564579495715724,0.141503685263113,0.08340012215740729,0.048550178334685105,3.3306690738754696e-16,0.12294235396483158,0.07246035550184365,0.042181750947192564,1.0294591531252688e-16
48,0.0,5.711351079360378,60.18189931350111,4.440892098500626e-16,0.0,2.220446049250313e-16,8.881784197001252e-16,0.0,0.46028487252724365,0.13728243643282317,0.0815613927418074,0.04845963121274279,0.0,0.1202541910315536,0.0714446768168505,0.042448793163919286,0.0
49,0.0,5.711351079360378,60.18048054919905,4.440892098500626e-16,7.105427357601002e-15,2.220446049250313e-16,8.881784197001252e-16,2.220446049250313e-16,0.4647956705928798,0.13322109112140723,0.07980645206049099,0.048369358887751596,1.1102230246251565e-16,0.11760235660405322,0.07045000724374037,0.04269857381248197,2.0589183062505376e-16
50,0.0,5.711351079360378,60.179061784896994,4.440892098500626e-16,3.552713678800501e-15,0.0,2.6645352591003757e-15,1.1102230246251565e-16,0.46918166558597324,0.12931620119291445,0.07813297132701837,0.04827935935019712,2.220446049250313e-16,0.11499304992577579,0.06947890975589013,0.04293190434707795,1.0294591531252688e-16
51,0.0,5.711351079360378,60.177643020594935,4.440892098500626e-16,0.0,0.0,1.7763568394002505e-15,0.0,0.47344629137466104,0.12556433830614316,0.07653859785662233,0.04818963066653746,2.220446049250313e-16,0.11243179020641172,0.06853356369328045,0.04314956394716675,0.0
52,0.0,5.711351079360378,60.176224256292876,4.440892098500626e-16,0.0,2.220446049250313e-16,8.881784197001252e-16,0.0,0.4775929378039878,0.12196209090433664,0.07502095683280109,0.0481001709773416,3.3306690738754696e-16,0.10992345886339286,0.0676157894732318,0.04335230010034183,0.0
53,0.0,5.711351079360378,60.17480549199082,4.440892098500626e-16,3.552713678800501e-15,4.440892098500626e-16,1.7763568394002505e-15,2.220446049250313e-16,0.4816249493329772,0.11850606115346264,0.07357765363799934,0.048010978495811166,2.220446049250313e-16,0.10747233943551075,0.06672707277319256,0.043540829281727075,2.0589183062505376e-16
54,0.0,5.711351079360378,60.17338672768876,4.440892098500626e-16,3.552713678800501e-15,2.220446049250313e-16,0.0,0.0,0.4855456237663178,0.11519286185539325,0.0722062767362894,0.0479220515063213,1.1102230246251565e-16,0.10508215520614826,0.0658685881802806,0.043715837709682834,0.0
55,0.0,5.711351079360378,60.1719679633867,4.440892098500626e-16,7.105427357601002e-15,0.0,8.881784197001252e-16,2.220446049250313e-16,0.4893582110793994,0.11201911337396565,0.07090440108731816,0.04783338836312692,1.1102230246251565e-16,0.10275610460594417,0.06504122230308237,0.04387798216086004,2.0589183062505376e-16
56,0.0,5.711351079360378,60.17054919908464,4.440892098500626e-16,3.552713678800501e-15,0.0,2.6645352591003757e-15,2.220446049250313e-16,0.49306591233563335,0.10898144061984559,0.06966959205779187,0.04774498748927284,0.0,0.10049689448937459,0.06424559633573691,0.04402789082999334,2.0589183062505376e-16
57,0.0,5.711351079360378,60.16913043478257,4.440892098500626e-16,7.105427357601002e-15,2.220446049250313e-16,8.881784197001252e-16,0.0,0.49667187869517904,0.10607647015551533,0.06849940978605926,0.04765684737530004,1.1102230246251565e-16,0.09830677140759649,0.06348208805893492,0.04416616422154527,0.0
58,0.0,5.711351079360378,60.167711670480514,4.440892098500626e-16,3.552713678800501e-15,2.220446049250313e-16,1.7763568394002505e-15,4.440892098500626e-16,0.5001792105136804,0.10330082748116362,0.06739141394485919,0.0475689665784117,2.220446049250313e-16,0.09618755101009067,0.06275085325570386,0.04429337606315497,4.117836612501075e-16
59,0.0,5.711351079360378,60.166292906178455,4.440892098500626e-16,7.105427357601002e-15,4.440892098500626e-16,2.6645352591003757e-15,2.220446049250313e-16,0.5035909565304012,0.10065113457824054,0.06634316883678677,0.047481343721608844,3.3306690738754696e-16,0.09414064573031099,0.06205184651182626,0.044410074231408046,2.0589183062505376e-16
60,0.0,5.711351079360378,60.164874141876396,4.440892098500626e-16,3.552713678800501e-15,2.220446049250313e-16,3.552713678800501e-15,2.220446049250313e-16,0.5069101131441095,0.0981240077824566,0.06535224874957338,0.04739397749237745,0.0,0.09216709091165548,0.06138484136458144,0.04451678168190234,2.0589183062505376e-16
61,0.0,5.711351079360378,60.16345537757434,4.440892098500626e-16,7.105427357601002e-15,4.440892098500626e-16,2.6645352591003757e-15,2.220446049250313e-16,0.5104124542812953,0.09546331431797804,0.06432801656863281,0.047306742548550496,2.220446049250313e-16,0.09002303080966276,0.06066207798100661,0.04461081591791047,2.0589183062505376e-16
62,0.0,5.711351079360378,60.16203661327228,2.220446049250313e-16,0.0,2.220446049250313e-16,8.881784197001252e-16,0.0,0.5140758643503257,0.09269576115338553,0.06328287878647393,0.0472196506721806,1.1102230246251565e-16,0.08773012090854429,0.05989286390551786,0.044690130499870515,0.0
63,0.0,5.711351079360378,60.16061784897022,2.220446049250313e-16,3.552713678800501e-15,0.0,1.7763568394002505e-15,2.220446049250313e-16,0.5178808219766459,0.08984599754632171,0.062228269767967935,0.047132712329619526,1.1102230246251565e-16,0.08530992782132815,0.0590865408290947,0.04475311529364705,2.0589183062505376e-16
64,0.0,5.711351079360378,60.15919908466816,2.220446049250313e-16,3.552713678800501e-15,4.440892098500626e-16,0.0,2.220446049250313e-16,0.5218100799083321,0.08693703112197602,0.06117476387158372,0.0470459368381109,1.1102230246251565e-16,0.08278401642930218,0.05825242238026817,0.04479853473111747,2.0589183062505376e-16
65,0.0,5.711351079360378,60.1577803203661,2.220446049250313e-16,0.0,4.440892098500626e-16,3.552713678800501e-15,0.0,0.5258483914341272,0.08399061118750467,0.06013216992835516,0.046959332508014914,1.1102230246251565e-16,0.08017403036434559,0.05739973015492433,0.04482547390900636,0.0
66,0.0,5.711351079360378,60.15636155606404,2.220446049250313e-16,0.0,2.220446049250313e-16,1.7763568394002505e-15,2.220446049250313e-16,0.5299822756277881,0.08102758801143237,0.059109609128907045,0.04687290676507845,3.3306690738754696e-16,0.07750177510471785,0.05653752932383933,0.0448332915710013,2.0589183062505376e-16
67,0.0,5.711351079360378,60.15494279176198,2.220446049250313e-16,3.552713678800501e-15,4.440892098500626e-16,1.7763568394002505e-15,2.220446049250313e-16,0.5341998151561992,0.07806825473841707,0.058115577304310315,0.04678666625558256,1.1102230246251565e-16,0.0747893093794194,0.05567466450145671,0.04482157913155566,2.0589183062505376e-16
68,0.0,5.711351079360378,60.15352402745992,2.220446049250313e-16,7.105427357601002e-15,4.440892098500626e-16,1.7763568394002505e-15,2.220446049250313e-16,0.5384904815217076,0.07513267626789465,0.05715799254235436,0.046700616937401636,0.0,0.07205904723335778,0.05481969615573816,0.044790125001272926,2.0589183062505376e-16
69,0.0,5.711351079360378,60.152105263157864,2.220446049250313e-16,3.552713678800501e-15,4.440892098500626e-16,0.0,2.220446049250313e-16,0.5428449835182123,0.07224100646039709,0.056244229089543026,0.04661476415910082,1.1102230246251565e-16,0.06933386953147658,0.05398083765251324,0.04473888356219727,2.0589183062505376e-16
70,0.0,5.711351079360378,60.150686498855805,2.220446049250313e-16,7.105427357601002e-15,2.220446049250313e-16,1.7763568394002505e-15,4.440892098500626e-16,0.5472551354114652,0.06941379102530876,0.055381138568312636,0.04652911272858082,0.0,0.0666372393842964,0.05316589302558011,0.04466794821943758,4.117836612501075e-16
71,0.0,5.711351079360378,60.149267734553746,2.220446049250313e-16,3.552713678800501e-15,4.440892098500626e-16,0.0,0.0,0.5517137419466799,0.06667224791170986,0.054575059702384694,0.04644366697322571,1.1102230246251565e-16,0.06399331046595344,0.052382195720436474,0.04457752802531477,0.0
72,0.0,5.711351079360378,60.14784897025169,1.1102230246251565e-16,3.552713678800501e-15,0.0,3.552713678800501e-15,0.0,0.55621449776833,0.06403850955322475,0.0538318179817346,0.046358430792193456,2.220446049250313e-16,0.06142701008223272,0.05163654883567497,0.04446792743203621,0.0
73,0.0,5.711351079360378,60.14643020594962,1.1102230246251565e-16,7.105427357601002e-15,0.0,0.0,2.220446049250313e-16,0.5607518992306919,0.0615358016210848,0.05315671700528533,0.046273407702876496,0.0,0.058964069919932166,0.05093516775021152,0.044339528784021684,2.0589183062505376e-16
74,0.0,5.711351079360378,60.14501144164756,1.1102230246251565e-16,3.552713678800501e-15,2.220446049250313e-16,3.552713678800501e-15,0.0,0.5653211669014587,0.05918852142194035,0.0525545235771919,0.04618860088123958,1.1102230246251565e-16,0.056630967174914476,0.05028362642101721,0.04419277720614084,0.0
75,0.0,5.711351079360378,60.1435926773455,1.1102230246251565e-16,0.0,4.440892098500626e-16,0.0,2.220446049250313e-16,0.5699181773271326,0.057022167227798806,0.05202944896667433,0.04610401319778663,2.220446049250313e-16,0.054454728792343386,0.04968680901546105,0.0440281675877826,2.0589183062505376e-16
76,0.0,5.711351079360378,60.14217391304344,0.0,3.552713678800501e-15,4.440892098500626e-16,1.7763568394002505e-15,2.220446049250313e-16,0.5745394028499508,0.055063061096396276,0.05158512901537784,0.04601964724925403,4.440892098500626e-16,0.0524625452983811,0.04914886883884507,0.04384623339779268,2.0589183062505376e-16
77,0.0,5.711351079360378,60.140755148741384,0.0,3.552713678800501e-15,2.220446049250313e-16,0.0,2.220446049250313e-16,0.5791818584498812,0.053337808060019025,0.051224605935382236,0.045935505386315814,0.0,0.050681143843661604,0.048673196671761815,0.04364753709780279,2.0589183062505376e-16
78,0.0,5.711351079360378,60.139336384439325,0.0,3.552713678800501e-15,2.220446049250313e-16,0.0,0.0,0.5838430547383181,0.051872451925699364,0.05095031463451564,0.045851589738962355,2.220446049250313e-16,0.049135889985399396,0.04826240059345897,0.04343266195121057,0.0
79,0.0,5.711351079360378,60.137917620137266,1.1102230246251565e-16,7.105427357601002e-15,4.440892098500626e-16,1.7763568394002505e-15,2.220446049250313e-16,0.5885209563590554,0.050691329952768094,0.05076407619204651,0.04576790223812175,1.1102230246251565e-16,0.04784963093430065,0.04791829910111683,0.04320220504713136,2.0589183062505376e-16
80,0.0,5.711351079360378,60.13649885583521,1.1102230246251565e-16,0.0,2.220446049250313e-16,0.0,0.0,0.5932139451598869,0.04981569714752755,0.050667100681482495,0.04568444463568031,0.0,0.046841359915155076,0.04764192884524377,0.04295677138405932,0.0
81,0.0,5.711351079360378,60.13508009153315,1.1102230246251565e-16,0.0,4.440892098500626e-16,2.6645352591003757e-15,0.0,0.5979207875899082,0.049262275078140766,0.050660000906815064,0.04560121852168226,1.1102230246251565e-16,0.04612486012143392,0.04743356761075419,0.0426969688741164,0.0
82,0.0,5.711351079360378,60.13366132723109,1.1102230246251565e-16,0.0,0.0,1.7763568394002505e-15,0.0,0.6026406058550793,0.049041952829084724,0.050742817843060756,0.045518225340210036,0.0,0.04570755053702202,0.04729277235422617,0.04242340414836283,0.0
83,0.0,5.711351079360378,60.13224256292903,1.1102230246251565e-16,3.552713678800501e-15,0.0,8.881784197001252e-16,4.440892098500626e-16,0.6073728524303725,0.049158892325830074,0.05091505771936941,0.04543546640309877,1.1102230246251565e-16,0.04558977012195251,0.04721843124102167,0.042136679056386635,4.117836612501075e-16
84,0.0,5.711351079360378,60.13082379862697,1.1102230246251565e-16,3.552713678800501e-15,0.0,8.881784197001252e-16,0.0,0.6121172875836662,0.049610239327404465,0.05117573984951593,0.04535294290244709,1.1102230246251565e-16,0.045764677817723934,0.04720882781557194,0.04183738776824625,0.0
85,0.0,5.711351079360378,60.12940503432491,0.0,0.0,1.1102230246251565e-16,1.7763568394002505e-15,2.220446049250313e-16,0.6168739596147481,0.05038651869451352,0.051523453585691534,0.04527065592168704,1.1102230246251565e-16,0.04621882092912785,0.04726171477265818,0.041526114397271253,2.0589183062505376e-16
86,0.0,5.711351079360378,60.12798627002285,0.0,0.0,1.1102230246251565e-16,8.881784197001252e-16,2.220446049250313e-16,0.6216431875548406,0.051472639075031364,0.051956422221829286,0.04518860644533296,1.1102230246251565e-16,0.04693327595363993,0.047374394348546595,0.04120343107272379,2.0589183062505376e-16
87,0.0,5.711351079360378,60.12656750572079,1.1102230246251565e-16,7.105427357601002e-15,1.1102230246251565e-16,1.7763568394002505e-15,2.220446049250313e-16,0.6264255461082971,0.05284930661022983,0.05247257134794634,0.04510679536793271,1.1102230246251565e-16,0.04788515052745209,0.04754380215600624,0.04086989640061511,2.0589183062505376e-16
88,0.0,5.711351079360378,60.125148741418734,1.1102230246251565e-16,0.0,0.0,3.552713678800501e-15,0.0,0.631221852649895,0.054494592668093575,0.05306959906703105,0.045025223501720286,4.440892098500626e-16,0.049049191707914566,0.04776659134521859,0.040526054257868066,0.0
89,0.0,5.711351079360378,60.12372997711667,1.1102230246251565e-16,3.552713678800501e-15,3.3306690738754696e-16,0.0,2.220446049250313e-16,0.6360331561188748,0.056385423090713746,0.053745045616083016,0.04494389158359688,4.440892098500626e-16,0.05039927661605824,0.04803921425560324,0.04017243287293666,2.0589183062505376e-16
90,0.0,5.711351079360378,60.12231121281461,1.1102230246251565e-16,0.0,3.3306690738754696e-16,8.881784197001252e-16,0.0,0.6408607276756191,0.05849882957617322,0.05449636023461946,0.044862800281251364,0.0,0.05190963836879444,0.04835799917177936,0.039809544151285736,0.0
91,0.0,5.711351079360378,60.12089244851255,1.1102230246251565e-16,3.552713678800501e-15,2.220446049250313e-16,1.7763568394002505e-15,2.220446049250313e-16,0.6457060530088302,0.060812890257809366,0.05532096354456602,0.04478195019843682,0.0,0.05355576639695569,0.04871922034764353,0.039437883209630896,2.0589183062505376e-16
92,0.0,5.711351079360378,60.11947368421049,0.0,3.552713678800501e-15,3.3306690738754696e-16,8.881784197001252e-16,2.220446049250313e-16,0.6505708262007237,0.06330735782553963,0.0562163041827961,0.04470134187964803,3.3306690738754696e-16,0.05531498888845709,0.04911916004757043,0.03905792808769422,2.0589183062505376e-16
93,0.0,5.711351079360378,60.11805491990843,0.0,7.105427357601002e-15,4.440892098500626e-16,1.7763568394002505e-15,3.3306690738754696e-16,0.6554569450759756,0.06596401779965266,0.057179908908509214,0.044620975814308225,2.220446049250313e-16,0.05716678604646879,0.04955416191684026,0.03867013961018379,3.0883774593758063e-16
94,0.0,5.711351079360378,60.11663615560637,1.1102230246251565e-16,7.105427357601002e-15,1.1102230246251565e-16,1.7763568394002505e-15,2.220446049250313e-16,0.6603665079764116,0.06876683817848572,0.05820942584961267,0.04454085244010675,1.1102230246251565e-16,0.059092898563027386,0.05002067549209181,0.0382749613748776,2.0589183062505376e-16
95,0.0,5.711351079360378,60.11521739130431,1.1102230246251565e-16,7.105427357601002e-15,2.220446049250313e-16,0.0,0.0,0.665301811919453,0.07170197238258003,0.05930266092881593,0.04446097214592054,1.1102230246251565e-16,0.06107729434645783,0.05051529207245979,0.037872819846526226,0.0
96,0.0,5.711351079360378,60.113798627002254,1.1102230246251565e-16,7.105427357601002e-15,1.1102230246251565e-16,2.6645352591003757e-15,2.220446049250313e-16,0.6702653521121489,0.0747576685359949,0.060457607805294265,0.04438133527418893,2.220446049250313e-16,0.06310604642560183,0.05103477248096276,0.037464124538536814,2.0589183062505376e-16
97,0.0,5.711351079360378,60.112379862700195,1.1102230246251565e-16,7.105427357601002e-15,3.3306690738754696e-16,0.0,1.1102230246251565e-16,0.6752598228078082,0.0779241259338919,0.06167247188144769,0.044301942122948995,1.1102230246251565e-16,0.06516716215717301,0.051576067457485386,0.03704926826709828,1.0294591531252688e-16
98,0.0,5.711351079360378,60.110961098398136,2.220446049250313e-16,0.0,3.3306690738754696e-16,0.0,2.220446049250313e-16,0.6802881195049318,0.08119332771143352,0.06294568906037747,0.04422279294704035,1.1102230246251565e-16,0.06725039182531851,0.052136331547708546,0.036628627463924,2.0589183062505376e-16
99,0.0,5.711351079360378,60.109542334096076,2.220446049250313e-16,7.105427357601002e-15,0.0,8.881784197001252e-16,5.551115123125783e-16,0.685353342502737,0.08455886890318456,0.06427594001168525,0.0441438879593164,1.1102230246251565e-16,0.0693470349128683,0.05271293140346036,0.03620256253675091,5.147295765626344e-16
100,0.0,5.711351079360378,60.10812356979402,2.220446049250313e-16,0.0,2.220446049250313e-16,8.881784197001252e-16,1.1102230246251565e-16,0.6904588018409921,0.08801579167538016,0.06566216072116697,0.04406522733094715,4.440892098500626e-16,0.07144975502937126,0.05330344940292011,0.035771418266870116,1.0294591531252688e-16
101,0.0,5.711351079360378,60.10670480549196,2.220446049250313e-16,0.0,3.3306690738754696e-16,8.881784197001252e-16,2.220446049250313e-16,0.6956080236663574,0.09156043429942755,0.06710355008315197,0.04398681119165448,0.0,0.0735524094059685,0.053905683454591936,0.035335524235841624,2.0589183062505376e-16
102,0.0,5.711351079360378,60.1052860411899,2.220446049250313e-16,0.0,2.220446049250313e-16,1.7763568394002505e-15,0.0,0.7008047580823041,0.09519029696310202,0.06859957524781882,0.04390863962932453,2.220446049250313e-16,0.07564989552675482,0.05451764377506709,0.034895195273609535,0.0
103,0.0,5.711351079360378,60.10386727688784,2.220446049250313e-16,3.552713678800501e-15,3.3306690738754696e-16,8.881784197001252e-16,1.1102230246251565e-16,0.7060529885553555,0.09890392535704483,0.07014997537714404,0.04383071268912732,3.3306690738754696e-16,0.07773801541088449,0.055137547344607546,0.03445073192188251,1.0294591531252688e-16
104,0.0,5.711351079360378,60.10244851258578,2.220446049250313e-16,1.7763568394002505e-15,1.1102230246251565e-16,8.881784197001252e-16,1.1102230246251565e-16,0.7113569429679482,0.10270081168118009,0.07175476439707003,0.04375303037242636,2.220446049250313e-16,0.0798133568491173,0.05576381065250293,0.03400242090768846,1.0294591531252688e-16
105,0.0,5.711351079360378,60.10102974828372,2.220446049250313e-16,0.0,1.1102230246251565e-16,1.7763568394002505e-15,2.220446049250313e-16,0.7167211064260058,0.10658131204963751,0.07341423326558368,0.04367559263487095,3.3306690738754696e-16,0.08187319028429087,0.0563950412519705,0.03355053562212291,2.0589183062505376e-16
106,0.0,5.711351079360378,60.099610983981655,2.220446049250313e-16,1.7763568394002505e-15,3.3306690738754696e-16,8.881784197001252e-16,0.0,0.7221502359501935,0.11054657896671322,0.07512895221516336,0.04359839938449629,0.0,0.08391537975382321,0.057030028559641024,0.03309533660114887,0.0
107,0.0,5.711351079360378,60.098192219679596,1.1102230246251565e-16,7.105427357601002e-15,2.220446049250313e-16,8.881784197001252e-16,2.220446049250313e-16,0.7276493772022736,0.11459850748024626,0.0768997733702156,0.04352145047868405,2.220446049250313e-16,0.08593830626254964,0.05766773425517256,0.03263707200438227,2.0589183062505376e-16
108,0.0,5.711351079360378,60.09677345537754,1.1102230246251565e-16,1.7763568394002505e-15,2.220446049250313e-16,2.6645352591003757e-15,1.1102230246251565e-16,0.7332238834230825,0.11873969369170068,0.07872783409440547,0.04344474572124431,2.220446049250313e-16,0.08794080202874427,0.058307282569079494,0.03217597809019883,1.0294591531252688e-16
109,0.0,5.711351079360378,60.09535469107548,1.1102230246251565e-16,5.329070518200751e-15,1.1102230246251565e-16,0.0,2.220446049250313e-16,0.7388794367872483,0.12297340443899728,0.08061456138326267,0.0433682848586051,0.0,0.08992209417556504,0.058947950686553535,0.03171227968420403,2.0589183062505376e-16
110,0.0,5.711351079360378,60.09393592677342,1.1102230246251565e-16,3.552713678800501e-15,1.1102230246251565e-16,0.0,1.1102230246251565e-16,0.7446220724119449,0.12730355714504038,0.08256167758929032,0.04329206757519142,3.3306690738754696e-16,0.09188175659930625,0.05958915944545632,0.031246190639374644,1.0294591531252688e-16
111,0.0,5.711351079360378,60.09251716247136,5.551115123125783e-17,0.0,0.0,8.881784197001252e-16,1.1102230246251565e-16,0.7504582052937091,0.1317347090161455,0.08457120774882117,0.04321609348874088,3.3306690738754696e-16,0.09381966891054992,0.060230464466181695,0.030777914286994144,1.0294591531252688e-16
112,0.0,5.711351079360378,60.0910983981693,5.551115123125783e-17,1.7763568394002505e-15,1.1102230246251565e-16,1.7763568394002505e-15,1.1102230246251565e-16,0.7563946604894661,0.13627205496049566,0.08664548876844251,0.04314036214426534,3.3306690738754696e-16,0.09573598149743816,0.060871547816438144,0.030307643876313833,1.0294591531252688e-16
113,0.0,5.711351079360378,60.08967963386724,0.0,3.552713678800501e-15,0.0,3.552713678800501e-15,3.3306690738754696e-16,0.7624387069062335,0.14092143377966304,0.08878718073050167,0.04306487300763223,2.220446049250313e-16,0.09763108590224513,0.06151221028925369,0.029835563002795565,3.0883774593758063e-16
114,0.0,5.711351079360378,60.08826086956518,0.0,5.329070518200751e-15,2.220446049250313e-16,2.6645352591003757e-15,2.220446049250313e-16,0.7685980951200795,0.14568934236603506,0.09099928058446116,0.04298962545828533,0.0,0.09950558983195017,0.06215236435133322,0.029361846023944822,2.0589183062505376e-16
115,0.0,5.711351079360378,60.08684210526312,5.551115123125783e-17,1.7763568394002505e-15,0.0,8.881784197001252e-16,0.0,0.7748810997096188,0.15058295780488237,0.09328513850878581,0.042914618780690514,0.0,0.10136029623234942,0.06279202780422277,0.028886658462011567,0.0
116,0.0,5.711351079360378,60.085423340961064,5.551115123125783e-17,5.329070518200751e-15,0.0,2.6645352591003757e-15,1.1102230246251565e-16,0.7812965666648893,0.15561016745185588,0.09564847725542963,0.04283985215497516,1.1102230246251565e-16,0.10319618595697906,0.06343131819074127,0.028410157393616905,1.0294591531252688e-16
117,0.0,5.711351079360378,60.084004576659005,5.551115123125783e-17,5.329070518200751e-15,1.1102230246251565e-16,8.881784197001252e-16,2.220446049250313e-16,0.7878539665208157,0.1607796072176282,0.09809341482472447,0.042765324646350245,1.1102230246251565e-16,0.10501440364393867,0.06407044797212617,0.027932491825888115,2.0589183062505376e-16
118,0.0,5.711351079360378,60.082585812356946,5.551115123125783e-17,3.552713678800501e-15,1.1102230246251565e-16,0.0,3.3306690738754696e-16,0.7945634539677529,0.16610070846743244,0.10062449086604133,0.04269103519315742,0.0,0.1068162464927893,0.06470972049866926,0.027453803058996282,3.0883774593758063e-16
119,0.0,5.711351079360378,60.08116704805489,5.551115123125783e-17,3.552713678800501e-15,2.220446049250313e-16,2.6645352591003757e-15,3.3306690738754696e-16,0.8014359348134916,0.17158375411616408,0.10324669725739113,0.042616982593314014,2.220446049250313e-16,0.10860315569632616,0.06534952679601959,0.02697422503505703,3.0883774593758063e-16
120,0.0,5.711351079360378,60.07974828375283,5.551115123125783e-17,3.552713678800501e-15,1.1102230246251565e-16,0.0,2.220446049250313e-16,0.8084831413144757,0.17723994469580082,0.10596551338967346,0.042543165489105896,1.1102230246251565e-16,0.11037671034427897,0.06599034319249539,0.026493884673566018,2.0589183062505376e-16
121,0.0,5.711351079360378,60.07832951945077,0.0,5.329070518200751e-15,2.220446049250313e-16,8.881784197001252e-16,1.1102230246251565e-16,0.8157177170646376,0.18308147538265868,0.1087869467672622,0.042469582350063845,2.220446049250313e-16,0.11213862366980004,0.06663272981727393,0.026012902193481513,1.0294591531252688e-16
122,0.0,5.711351079360378,60.0769107551487,5.551115123125783e-17,0.0,0.0,8.881784197001252e-16,2.220446049250313e-16,0.8231533128322646,0.18912162520631845,0.11171757964194041,0.04239623145350696,2.220446049250313e-16,0.11389074155830392,0.06727733000728457,0.0255313914220534,2.0589183062505376e-16
123,0.0,5.711351079360378,60.07549199084664,5.551115123125783e-17,3.552713678800501e-15,1.1102230246251565e-16,8.881784197001252e-16,0.0,0.830804694976809,0.19537485994051956,0.11476462252310198,0.04232311086254453,1.1102230246251565e-16,0.11563504329114893,0.06792487067062498,0.025049460090701466,0.0
124,0.0,5.711351079360378,60.074073226544584,1.1102230246251565e-16,7.105427357601002e-15,0.0,8.881784197001252e-16,2.220446049250313e-16,0.8386878683668755,0.20185695048424956,0.11793597555888308,0.042250218401112524,1.1102230246251565e-16,0.11737364454026468,0.06857616366714007,0.024567210118175625,2.0589183062505376e-16
125,0.0,5.711351079360378,60.072654462242525,1.1102230246251565e-16,3.552713678800501e-15,1.1102230246251565e-16,8.881784197001252e-16,0.0,0.8468202160682311,0.20858510892171916,0.1212402989663872,0.04217755162561773,2.220446049250313e-16,0.11910880268520961,0.06923210828296847,0.024084737881294865,0.0
126,0.0,5.711351079360378,60.071235697940466,1.1102230246251565e-16,1.7763568394002505e-15,0.0,8.881784197001252e-16,1.1102230246251565e-16,0.8552206584901694,0.21557814487880472,0.12468709390992168,0.042105107792601015,1.1102230246251565e-16,0.12084292456977876,0.06989369489496428,0.023602134473530028,1.0294591531252688e-16
127,0.0,5.711351079360378,60.06981693363841,1.1102230246251565e-16,3.552713678800501e-15,1.1102230246251565e-16,0.0,0.0,0.8639098351871181,0.222856645336323,0.12828679549540328,0.04203288382177724,1.1102230246251565e-16,0.12257857688161669,0.07056200994499359,0.023119485951734436,0.0
128,0.0,5.711351079360378,60.06839816933635,1.1102230246251565e-16,3.552713678800501e-15,1.1102230246251565e-16,0.0,0.0,0.872910313131674,0.2304431816866142,0.13205087987542788,0.04196087625363896,1.1102230246251565e-16,0.1243184993963532,0.07123824237250091,0.02263687357130201,0.0
129,0.0,5.711351079360378,60.06697940503429,5.551115123125783e-17,0.0,1.1102230246251565e-16,8.881784197001252e-16,0.0,0.8822468260315185,0.23836254859912556,0.13599198785979147,0.041889081200977084,0.0,0.12606562140508756,0.07192369168904174,0.02215437401019936,0.0
130,0.0,5.711351079360378,60.06556064073223,5.551115123125783e-17,1.7763568394002505e-15,1.6653345369377348e-16,0.0,0.0,0.8919465501929477,0.24664204021456876,0.14012406791722334,0.04181749429260007,1.1102230246251565e-16,0.12782308173493154,0.07261977792120274,0.02167205958182516,0.0
131,0.0,5.711351079360378,60.06414187643017,2.7755575615628914e-17,0.0,0.0,0.0,1.1102230246251565e-16,0.902039423580167,0.2553117703448431,0.14446254206012776,0.041746110608618485,0.0,0.129594252872212,0.07332805370083832,0.021189998437351365,1.0294591531252688e-16
132,0.0,5.711351079360378,60.06272311212811,0.0,1.7763568394002505e-15,1.6653345369377348e-16,0.0,1.1102230246251565e-16,0.9125585161435772,0.2644050448112885,0.14902449885642505,0.04167492460508201,5.551115123125783e-17,0.13138276983098543,0.07405021884664027,0.020708254757472743,1.0294591531252688e-16
133,0.0,5.711351079360378,60.06130434782605,2.7755575615628914e-17,0.0,0.0,0.0,2.220446049250313e-16,0.9235404612649462,0.27395879584877575,0.15382891875050175,0.04160393002645179,1.1102230246251565e-16,0.13319256456320022,0.0747881378616997,0.020226888934019995,2.0589183062505376e-16
134,0.0,5.711351079360378,60.05988558352399,2.7755575615628914e-17,0.0,5.551115123125783e-17,1.7763568394002505e-15,1.1102230246251565e-16,0.9350259603938348,0.2840140907613807,0.15889693805153177,0.04153311980277738,0.0,0.13502790690238664,0.07554386087246194,0.01974595774125468,1.0294591531252688e-16
135,0.0,5.711351079360378,60.058466819221934,0.0,3.552713678800501e-15,5.551115123125783e-17,1.3322676295501878e-15,1.1102230246251565e-16,0.9470603757580834,0.29461672986093357,0.16425215943289162,0.041462485929564974,1.6653345369377348e-16,0.13689345327653493,0.07631964866187341,0.01926551449745259,1.0294591531252688e-16
136,0.0,5.711351079360378,60.057048054919875,2.7755575615628914e-17,1.7763568394002505e-15,5.551115123125783e-17,4.440892098500626e-16,2.220446049250313e-16,0.9596944295966983,0.305817952327501,0.16992101867052445,0.04139201932538622,0.0,0.1387943047322188,0.07711800260996317,0.018785609216221678,2.0589183062505376e-16
137,0.0,5.711351079360378,60.055629290617816,0.0,1.7763568394002505e-15,0.0,0.0,1.1102230246251565e-16,0.9729850329188929,0.3176752732430406,0.17593321975762807,0.041321709663753335,0.0,0.14073607620389372,0.07794170056056873,0.01830628874808267,1.0294591531252688e-16
138,0.0,5.711351079360378,60.05421052631575,5.551115123125783e-17,8.881784197001252e-16,5.551115123125783e-17,1.3322676295501878e-15,5.551115123125783e-17,0.9869962726537841,0.33025348097938106,0.18232225363492033,0.041251545172298947,1.1102230246251565e-16,0.1427249794637549,0.07879383989734287,0.017827596911634404,5.147295765626344e-17
139,0.0,5.711351079360378,60.05279176201369,5.551115123125783e-17,0.0,0.0,4.440892098500626e-16,0.0,1.0018005936516818,0.3436258318093015,0.1891260197938974,0.041181512392703144,5.551115123125783e-17,0.14476792283781792,0.07967788945314515,0.017349574614402185,0.0
140,0.0,5.711351079360378,60.05137299771163,5.551115123125783e-17,1.7763568394002505e-15,5.551115123125783e-17,1.3322676295501878e-15,2.7755575615628914e-16,1.0174802219184145,0.3578754886427568,0.196387575265792,0.041111595891506966,1.1102230246251565e-16,0.14687263161926753,0.08059775232443162,0.016872259962684943,2.573647882813172e-16
141,0.0,5.711351079360378,60.04995423340957,0.0,0.0,1.1102230246251565e-16,1.3322676295501878e-15,1.1102230246251565e-16,1.0341288885284574,0.3730972640064144,0.20415604242785937,0.04104177790961751,5.551115123125783e-17,0.149047794224666,0.08155784224937823,0.01639568835964968,1.0294591531252688e-16
142,0.0,5.711351079360378,60.04853546910751,1.3877787807814457e-17,1.7763568394002505e-15,5.551115123125783e-17,4.440892098500626e-16,5.551115123125783e-17,1.0518539310179873,0.3893997449486141,0.21248771625783158,0.04097203793534329,1.6653345369377348e-16,0.15130324062146547,0.08256317699002849,0.015919892590841617,5.147295765626344e-17
143,0.0,5.711351079360378,60.047116704805454,1.3877787807814457e-17,1.7763568394002505e-15,1.6653345369377348e-16,0.0,1.1102230246251565e-16,1.070778872329444,0.4069079010768797,0.2214474240073046,0.040902352180172616,0.0,0.1536501615324579,0.08361949320625356,0.015444902895492323,1.0294591531252688e-16
144,0.0,5.711351079360378,60.045697940503395,2.7755575615628914e-17,8.881784197001252e-16,5.551115123125783e-17,0.0,5.551115123125783e-17,1.0910466088934807,0.4257663088250648,0.23111020698782916,0.04083269293048821,0.0,0.15610137961285003,0.0847333887290606,0.014970747021639022,5.147295765626344e-17
145,0.0,5.711351079360378,60.044279176201336,2.7755575615628914e-17,0.0,1.1102230246251565e-16,8.881784197001252e-16,0.0,1.112823382572471,0.446143168675547,0.24156341706619394,0.04076302774009542,5.551115123125783e-17,0.1586716874678932,0.08591250008420064,0.014497450262485638,0.0
146,0.0,5.711351079360378,60.04286041189928,6.938893903907228e-18,8.881784197001252e-16,5.551115123125783e-17,0.0,0.0,1.1363037709147294,0.46823535247383036,0.25290935220190935,0.0406933184151785,1.1102230246251565e-16,0.16137827246587427,0.08716572581112098,0.014025035469982555,0.0
147,0.0,5.711351079360378,60.04144164759722,1.3877787807814457e-17,2.6645352591003757e-15,1.1102230246251565e-16,8.881784197001252e-16,5.551115123125783e-17,1.1617170138877184,0.4922748026525402,0.2652685998735619,0.040623519727414424,2.220446049250313e-16,0.16424125543105034,0.08850350989916946,0.013553523040601147,5.147295765626344e-17
148,0.0,5.711351079360378,60.04002288329516,1.3877787807814457e-17,8.881784197001252e-16,0.0,1.3322676295501878e-15,5.551115123125783e-17,1.189335114179479,0.5185367254712631,0.2787843205285118,0.040553577765612844,5.551115123125783e-17,0.16728438042966626,0.08993820503404658,0.0130829308658154,5.147295765626344e-17
149,0.0,5.711351079360378,60.0386041189931,0.0,8.881784197001252e-16,0.0,4.440892098500626e-16,5.551115123125783e-17,1.2194833195334667,0.5473501937147893,0.29362779447253173,0.04048342780218438,0.0,0.17053590745396188,0.09148454309339478,0.012613274237169458,5.147295765626344e-17
150,0.0,5.711351079360378,60.03718535469104,0.0,8.881784197001252e-16,0.0,0.0,1.6653345369377348e-16,1.2525538464465245,0.5791120280391746,0.31000568936727685,0.04041299149890324,5.551115123125783e-17,0.17402978117343657,0.0931602516801085,0.012144565691255724,1.5441887296879031e-16
151,0.0,5.711351079360378,60.03576659038898,0.0,8.881784197001252e-16,0.0,4.440892098500626e-16,0.0,1.2856794533928786,0.6109422792804038,0.3264360437722293,0.0403429343164155,0.0,0.17687337666874892,0.09450621979606325,0.011679648404223373,0.0
152,0.0,5.711351079360378,60.03434782608692,0.0,0.0,8.326672684688674e-17,0.0,0.0,1.3188606415370439,0.6428376590535639,0.3429154495879453,0.04027325739606689,0.0,0.17910364499079728,0.09554108425334398,0.011220697937808803,0.0
153,0.0,5.711351079360378,60.03292906178486,0.0,8.881784197001252e-16,8.326672684688674e-17,0.0,5.551115123125783e-17,1.3520979184510753,0.6747956023908892,0.35944115626058626,0.04020396188484553,5.551115123125783e-17,0.1807585455748193,0.09628406052912973,0.01076949768330065,5.147295765626344e-17
154,0.0,5.711351079360378,60.0315102974828,0.0,4.440892098500626e-16,2.7755575615628914e-17,8.881784197001252e-16,0.0,1.3853917972579137,0.7068141069202152,0.37601093023501586,0.040135048935119454,5.551115123125783e-17,0.18187637661524675,0.09675458495990734,0.010327492340810223,0.0
155,0.0,5.711351079360378,60.03009153318074,0.0,1.7763568394002505e-15,0.0,0.0,5.551115123125783e-17,1.4187427958937406,0.7388916129509935,0.39262294876936144,0.04006651970469794,5.551115123125783e-17,0.18249524298474767,0.09697203105458045,0.009895834681164516,5.147295765626344e-17
156,0.0,5.711351079360378,60.02867276887868,0.0,4.440892098500626e-16,8.326672684688674e-17,4.440892098500626e-16,5.551115123125783e-17,1.4521514364706216,0.771026912851177,0.4092757187392745,0.03999837535661449,2.7755575615628914e-17,0.18265263792973926,0.09695548679602022,0.009475426408623526,5.147295765626344e-17
157,0.0,5.711351079360378,60.02725400457662,0.0,4.440892098500626e-16,0.0,6.661338147750939e-16,0.0,1.485618244724397,0.8032190817105709,0.4259680138595085,0.03993061705916833,0.0,0.1823851189190676,0.09672358218636062,0.00906695384444615,0.0
158,0.0,5.711351079360378,60.02583524027456,0.0,8.881784197001252e-16,2.7755575615628914e-17,2.220446049250313e-16,2.7755575615628914e-17,1.5191437495350144,0.8354674236909734,0.4426988256456106,0.039863245985771484,2.7755575615628914e-17,0.1817280613408702,0.09629435817741022,0.008670919064377574,2.573647882813172e-17
159,0.0,5.711351079360378,60.0244164759725,0.0,4.440892098500626e-16,2.7755575615628914e-17,4.440892098500626e-16,0.0,1.5527284825085803,0.8677714300775629,0.4594673247440234,0.03979626331486073,8.326672684688674e-17,0.18071547643774677,0.09568516964342962,0.00828766704700599,0.0
160,0.0,5.711351079360378,60.02299771167044,0.0,4.440892098500626e-16,0.0,6.661338147750939e-16,5.551115123125783e-17,1.5863729776126083,0.9001307461683,0.47627283016838345,0.03972967022992576,5.551115123125783e-17,0.17937988209127886,0.09491261628664607,0.007917409322708522,5.147295765626344e-17
161,0.0,5.711351079360378,60.02157894736838,0.0,4.440892098500626e-16,5.551115123125783e-17,4.440892098500626e-16,8.326672684688674e-17,1.6200777708567713,0.9325451449033906,0.49311478462481145,0.03966346791928999,5.551115123125783e-17,0.17775221690621526,0.09399249637975612,0.007560244553707622,7.720943648439516e-17
162,0.0,5.711351079360378,60.020160183066324,0.0,4.440892098500626e-16,5.551115123125783e-17,0.0,0.0,1.6538434000129287,0.96501450569086,0.5099927345688877,0.039597657575983033,2.7755575615628914e-17,0.1758617895846421,0.09293977908885585,0.0072161764238837765,0.0
163,0.0,5.711351079360378,60.018741418764264,0.0,4.440892098500626e-16,5.551115123125783e-17,4.440892098500626e-16,2.7755575615628914e-17,1.687670404369337,0.9975387972731009,0.5269063139719673,0.039532240397830924,2.7755575615628914e-17,0.1737362568711514,0.09176859181969557,0.006885129171140724,2.573647882813172e-17
164,0.0,5.711351079360378,60.017322654462205,0.0,8.881784197001252e-16,2.7755575615628914e-17,2.220446049250313e-16,2.7755575615628914e-17,1.721559324514147,1.0301180637661063,0.5438552310180166,0.03946721758722221,2.7755575615628914e-17,0.1714016244380996,0.09049221961494651,0.006566961054706627,2.573647882813172e-17
165,0.0,5.711351079360378,60.015903890160146,0.0,4.440892098500626e-16,2.7755575615628914e-17,6.661338147750939e-16,5.551115123125783e-17,1.7555107021449379,1.062752413204457,0.5608392571334566,0.039402590351029235,2.7755575615628914e-17,0.1688822659967858,0.08912311412124771,0.006261476014493605,5.147295765626344e-17
166,0.0,5.711351079360378,60.01448512585809,0.0,4.440892098500626e-16,1.3877787807814457e-17,4.440892098500626e-16,5.551115123125783e-17,1.7895250799003404,1.0954420080865175,0.5778582178876658,0.03933835990053914,2.7755575615628914e-17,0.1662009566976032,0.0876729100577973,0.005968433748313825,5.147295765626344e-17
167,0.0,5.711351079360378,60.01306636155603,0.0,0.0,4.163336342344337e-17,0.0,2.7755575615628914e-17,1.8236030012114393,1.1281870575239739,0.5949119854028534,0.039274527451392864,2.7755575615628914e-17,0.1633789175374996,0.0861524474660423,0.005687558405330338,2.573647882813172e-17
168,0.0,5.711351079360378,60.01164759725397,0.0,0.0,5.551115123125783e-17,2.220446049250313e-16,5.551115123125783e-17,1.8577450101704667,1.16098781068735,0.6120004719899644,0.03921109422338634,2.7755575615628914e-17,0.16043586804851276,0.08457179831343706,0.005418546069951047,5.147295765626344e-17
169,0.0,5.711351079360378,60.01022883295191,0.0,6.661338147750939e-16,1.3877787807814457e-17,2.220446049250313e-16,2.7755575615628914e-17,1.8919516514144512,1.193844551304285,0.6291236247863233,0.03914806144039879,2.7755575615628914e-17,0.15739008501072796,0.08294029627156983,0.005161071189191308,2.573647882813172e-17
170,0.0,5.711351079360378,60.008810068649844,0.0,8.881784197001252e-16,1.3877787807814457e-17,4.440892098500626e-16,2.7755575615628914e-17,1.926223470022345,1.226757593021905,0.6462814212157333,0.03908543033032173,0.0,0.15425846533058418,0.08126656869742943,0.004914792077780307,2.573647882813172e-17
171,0.0,5.711351079360378,60.007391304347784,0.0,2.220446049250313e-16,0.0,4.440892098500626e-16,2.7755575615628914e-17,1.9605610114238514,1.259727275476007,0.6634738651284352,0.039023202125003334,2.7755575615628914e-17,0.151056591559687,0.07955857002251734,0.004679355618874199,2.573647882813172e-17
172,0.0,5.711351079360378,60.005972540045725,0.0,4.440892098500626e-16,2.7755575615628914e-17,2.220446049250313e-16,2.7755575615628914e-17,1.9949648213187015,1.2927539609477308,0.6807009835048887,0.038961378059996776,2.7755575615628914e-17,0.14779879881318167,0.07782361590230061,0.004454401263758034,2.573647882813172e-17
173,0.0,5.711351079360378,60.004553775743666,0.0,0.0,0.0,0.0,1.3877787807814457e-17,2.0294354456051917,1.3258380315066094,0.697962823630103,0.038899959374562074,6.938893903907228e-17,0.14449824208411735,0.07606841760302455,0.004239564421289404,1.286823941406586e-17
174,0.0,5.711351079360378,60.00313501144161,0.0,0.0,0.0,3.3306690738754696e-16,4.163336342344337e-17,2.063973430316924,1.3589798865600553,0.7152594506619997,0.038838947311503974,6.938893903907228e-17,0.1411669631507321,0.07429911620723115,0.004034479316551691,3.860471824219758e-17
175,0.0,5.711351079360378,60.00171624713955,0.0,2.220446049250313e-16,1.3877787807814457e-17,0.0,2.7755575615628914e-17,2.0985793215669344,1.3921799407450104,0.7325909455314614,0.03877834311707233,2.7755575615628914e-17,0.13781595644146316,0.07252131630681666,0.0038387813884422305,2.573647882813172e-17
176,0.0,5.711351079360378,60.00029748283749,0.0,2.220446049250313e-16,1.3877787807814457e-17,3.3306690738754696e-16,4.163336342344337e-17,2.133253665498237,1.425438622105118,0.7499574031225649,0.03871814804087767,1.3877787807814457e-17,0.13445523336237014,0.07074011892547516,0.003652109287250041,3.860471824219758e-17
177,0.0,5.711351079360378,59.99887871853543,0.0,0.0,1.3877787807814457e-17,3.3306690738754696e-16,4.163336342344337e-17,2.167997008240291,1.458756370512997,0.7673589306902883,0.03865836333569125,1.3877787807814457e-17,0.13109388470934455,0.06896015347320963,0.003474106525683144,3.860471824219758e-17
178,0.0,5.711351079360378,59.99745995423337,0.0,2.220446049250313e-16,1.3877787807814457e-17,1.1102230246251565e-16,0.0,2.2028098958707445,1.492133636296261,0.7847956464809548,0.038598990257436586,1.3877787807814457e-17,0.12774014088375227,0.06718560858615218,0.003304422830179104,0.0
179,0.0,5.711351079360378,59.99604118993131,0.0,2.220446049250313e-16,1.3877787807814457e-17,2.220446049250313e-16,2.7755575615628914e-17,2.237692874381749,1.5255708790420817,0.8022676785250807,0.038540030064930085,0.0,0.12440142971146462,0.06542026174653053,0.0031427152334020663,2.573647882813172e-17
180,0.0,5.711351079360378,59.99462242562925,0.0,4.440892098500626e-16,0.0,1.1102230246251565e-16,0.0,2.272646489650548,1.559068566549833,0.8197751635789157,0.0384814840199677,1.3877787807814457e-17,0.12108443173036187,0.06366750761211293,0.0029886489437793784,0.0
181,0.0,5.711351079360378,59.99320366132719,0.0,0.0,0.0,1.1102230246251565e-16,2.7755575615628914e-17,2.3076712874138976,1.5926271739137392,0.8373182461930291,0.03842335338693175,2.7755575615628914e-17,0.11779513286623197,0.061930385012362206,0.0028418980232877487,2.573647882813172e-17
182,0.0,5.711351079360378,59.991784897025134,0.0,0.0,2.0816681711721685e-17,1.1102230246251565e-16,1.3877787807814457e-17,2.3427678132459198,1.626247182717468,0.85489707789135,0.03836563943284563,2.7755575615628914e-17,0.11453887446056239,0.06021160259148058,0.002702145900880156,1.286823941406586e-17
183,0.0,5.711351079360378,59.990366132723075,0.0,1.1102230246251565e-16,2.0816681711721685e-17,0.0,1.3877787807814457e-17,2.3779366125388783,1.6599290803228437,0.8725118164453087,0.03830834342725281,0.0,0.11132040064891863,0.05851356309675397,0.0025690857453312035,1.286823941406586e-17
184,0.0,5.711351079360378,59.988947368421016,0.0,2.220446049250313e-16,1.3877787807814457e-17,1.1102230246251565e-16,2.7755575615628914e-17,2.413178230487001,1.6936733592427984,0.890162625230422,0.038251466641952114,1.3877787807814457e-17,0.10814390311721206,0.05683838632528293,0.0024424207182829776,2.573647882813172e-17
185,0.0,5.711351079360378,59.98752860411896,0.0,0.0,2.0816681711721685e-17,1.1102230246251565e-16,0.0,2.4484932120725933,1.7274805165868667,0.9078496726552293,0.03819501035102911,1.3877787807814457e-17,0.10501306328500877,0.05518793075373253,0.002321864125616316,0.0
186,0.0,5.711351079360378,59.9861098398169,0.0,1.1102230246251565e-16,0.0,5.551115123125783e-17,0.0,2.483882102054664,1.7613510535689856,0.9255731316527512,0.03813897583059074,2.0816681711721685e-17,0.10193109198217064,0.05356381388454836,0.002207139482851235,0.0
187,0.0,5.711351079360378,59.98469107551483,0.0,0.0,1.3877787807814457e-17,1.1102230246251565e-16,2.7755575615628914e-17,2.5193454449594435,1.7952854750703335,0.9433331792269587,0.03808336435867272,0.0,0.09890076669817786,0.05196743134888936,0.0020979805082928286,2.573647882813172e-17
188,0.0,5.711351079360378,59.98327231121277,0.0,0.0,6.938893903907228e-18,0.0,6.938893903907228e-18,2.554883785072868,1.8292842892502053,0.9611299960476428,0.03802817721516287,0.0,0.09592446649288648,0.05039997481144383,0.0019941310557893815,6.43411970703293e-18
189,0.0,5.711351079360378,59.98185354691071,0.0,0.0,6.938893903907228e-18,1.1102230246251565e-16,1.3877787807814457e-17,2.5904976664348593,1.8633480071997715,0.9789637660874229,0.03797341568152152,2.0816681711721685e-17,0.09300420466413609,0.04886244872571825,0.001895344997388836,1.286823941406586e-17
190,0.0,5.711351079360378,59.980434782608654,0.0,1.1102230246251565e-16,6.938893903907228e-18,5.551115123125783e-17,0.0,2.626187632835025,1.897477142631872,0.9968346762962772,0.03791908104083477,6.938893903907228e-18,0.09014165927174556,0.0473556859906758,0.001801386064835341,0.0
191,0.0,5.711351079360378,59.979016018306595,0.0,2.220446049250313e-16,0.0,5.551115123125783e-17,2.0816681711721685e-17,2.66195422780995,1.9316722116057563,1.0147429163090598,0.03786517457745001,6.938893903907228e-18,0.08733820162004535,0.04588036256080982,0.0017120276575674526,1.930235912109879e-17
192,0.0,5.711351079360378,59.977597254004536,0.0,1.1102230246251565e-16,6.938893903907228e-18,5.551115123125783e-17,0.0,2.6977979946416566,1.9659337322776747,1.0326886781823297,0.03781169757706393,6.938893903907228e-18,0.08459492280145667,0.04443701106219869,0.0016270526239039879,0.0
193,0.0,5.711351079360378,59.97617848970248,0.0,0.0,3.469446951953614e-18,1.1102230246251565e-16,1.3877787807814457e-17,2.7336976220783225,2.00064983640997,1.0508563055224407,0.03777259288858144,0.0,0.08192853147619557,0.0430335745601767,0.0015468239414463496,1.286823941406586e-17
194,0.0,5.711351079360378,59.97475972540042,0.0,2.220446049250313e-16,3.469446951953614e-18,0.0,6.938893903907228e-18,2.7695969434414955,2.0364225133271265,1.069530818982775,0.03776951161209459,6.938893903907228e-18,0.07936076755941038,0.04168034195626823,0.0014719035034545364,6.43411970703293e-18
195,0.0,5.711351079360378,59.97334096109836,0.0,1.1102230246251565e-16,1.0408340855860843e-17,5.551115123125783e-17,6.938893903907228e-18,2.805495530095028,2.072210846876539,1.0882159678508394,0.037766430610222,0.0,0.07684791584335372,0.04035647687244131,0.0014005676524726323,6.43411970703293e-18
196,0.0,5.711351079360378,59.9719221967963,0.0,0.0,3.469446951953614e-18,5.551115123125783e-17,6.938893903907228e-18,2.8413929753510856,2.108013445972026,1.106911054826191,0.03776334988293191,1.3877787807814457e-17,0.07439076209481231,0.039062349007799244,0.0013326501225180633,6.43411970703293e-18
197,0.0,5.711351079360378,59.97050343249424,0.0,5.551115123125783e-17,6.938893903907228e-18,5.551115123125783e-17,6.938893903907228e-18,2.877288893099588,2.1438290125340487,1.1256154287103932,0.03776026943019444,1.3877787807814457e-17,0.07198988515940839,0.03779822223356183,0.0012679917306720578,6.43411970703293e-18
198,0.0,5.711351079360378,59.96908466819218,0.0,5.551115123125783e-17,1.3877787807814457e-17,5.551115123125783e-17,0.0,2.9131829165383882,2.179656333932363,1.1443284806960583,0.03775718925201229,0.0,0.06964567473263716,0.03656426378467957,0.0012064401532144806,0.0
199,0.0,5.711351079360378,59.96766590389012,0.0,1.6653345369377348e-16,1.3877787807814457e-17,5.551115123125783e-17,6.938893903907228e-18,2.949074696995906,2.2154942761467997,1.1630496410052418,0.03775410934834739,3.469446951953614e-18,0.0673583480162619,0.03536055286735876,0.001147849698331374,6.43411970703293e-18
200,0.0,5.711351079360378,59.96624713958806,0.0,5.551115123125783e-17,3.469446951953614e-18,2.7755575615628914e-17,0.0,2.984963902838558,2.2513417775687565,1.1817783758398253,0.037751029719144784,3.469446951953614e-18,0.06512796530357068,0.03418708870641732,0.0010920810772576896,0.0
201,0.0,5.711351079360378,59.964828375286004,0.0,2.220446049250313e-16,6.938893903907228e-18,0.0,6.938893903907228e-18,3.0208502184557045,2.2871978433749134,1.2005141846111693,0.03774795036440195,1.0408340855860843e-17,0.06295444453915727,0.033043798057301225,0.001039001175419117,6.43411970703293e-18
202,0.0,5.711351079360378,59.963409610983945,0.0,1.1102230246251565e-16,6.938893903907228e-18,1.3877787807814457e-16,6.938893903907228e-18,3.056733343316105,2.3230615404130646,1.219256597419548,0.03774487128409834,1.0408340855860843e-17,0.0608375749001652,0.031930542208039356,0.0009884828248825127,6.43411970703293e-18
203,0.0,5.711351079360378,59.96199084668188,0.0,5.551115123125783e-17,3.469446951953614e-18,0.0,3.469446951953614e-18,3.092612991089911,2.358931992547123,1.2380051727579202,0.03774179247820033,0.0,0.058777029446479466,0.030847123496559492,0.000940404579217552,3.217059853516465e-18
204,0.0,5.711351079360378,59.96057208237982,0.0,0.0,0.0,0.0,0.0,3.1284888888310354,2.3948083764139634,1.2567594954173003,0.037738713946672754,3.469446951953614e-18,0.056772376887285855,0.029793291368617133,0.0008946504916732537,0.0
205,0.0,5.711351079360378,59.95915331807776,0.0,0.0,0.0,8.326672684688674e-17,6.938893903907228e-18,3.164360776215114,2.4306899175510384,1.2755191745734349,0.03773563568948982,3.469446951953614e-18,0.05482309251093242,0.028768748001209925,0.0008511098974105579,6.43411970703293e-18
206,0.0,5.711351079360378,59.9577345537757,0.0,1.1102230246251565e-16,0.0,5.551115123125783e-17,1.0408340855860843e-17,3.200228404828744,2.4665758868572123,1.29428384203682,0.03773255770665832,6.938893903907228e-18,0.052928568324117686,0.027773153515796525,0.0008096772003902234,9.651179560549395e-18
207,0.0,5.711351079360378,59.95631578947364,0.0,0.0,1.734723475976807e-18,0.0,3.469446951953614e-18,3.236091537506037,2.5024655973546026,1.313053150650394,0.03772947999810508,0.0,0.05108812244530528,0.02680613080496857,0.0007702516653889317,3.217059853516465e-18
208,0.0,5.711351079360378,59.95489702517158,0.0,1.1102230246251565e-16,5.204170427930421e-18,2.7755575615628914e-17,3.469446951953614e-18,3.271949947708789,2.538358401221989,1.3318267728203632,0.03772640256380052,0.0,0.049301007795864576,0.025867269995422427,0.0007327372155218341,3.217059853516465e-18
209,0.0,5.711351079360378,59.953478260869524,0.0,0.0,1.734723475976807e-18,0.0,3.469446951953614e-18,3.3078034189470316,2.574253687073611,1.3506043991678103,0.03772332540377017,3.469446951953614e-18,0.04756642013091835,0.02495613256924731,0.0006970422355424095,3.217059853516465e-18
210,0.0,5.711351079360378,59.952059496567465,0.0,5.551115123125783e-17,5.204170427930421e-18,0.0,3.469446951953614e-18,3.3436517442370746,2.6101508774604096,1.3693857372893343,0.03772024851795681,6.938893903907228e-18,0.04588350545024553,0.02407225516462762,0.0006630793811207711,3.217059853516465e-18
211,0.0,5.711351079360378,59.950640732265406,0.0,8.326672684688674e-17,1.734723475976807e-18,2.7755575615628914e-17,3.469446951953614e-18,3.379494725593894,2.646049426572888,1.3881705106173163,0.03771717190633274,3.469446951953614e-18,0.044251366827868885,0.023215153076153194,0.0006307653942423229,3.217059853516465e-18
212,0.0,5.711351079360378,59.94922196796335,0.0,8.326672684688674e-17,5.204170427930421e-18,2.7755575615628914e-17,0.0,3.4153321735557522,2.6819488181267825,1.40695845736973,0.03771409556885638,3.469446951953614e-18,0.04266907069721328,0.02238432347395865,0.0006000209247963803,0.0
213,0.0,5.711351079360378,59.94780320366129,0.0,5.551115123125783e-17,1.734723475976807e-18,2.7755575615628914e-17,3.469446951953614e-18,3.4511639067385116,2.7178485634151057,1.4257493295823702,0.037711019505534314,1.734723475976807e-18,0.04113565262695622,0.021579248360004525,0.000570770358389207,3.217059853516465e-18
214,0.0,5.711351079360378,59.94638443935923,0.0,5.551115123125783e-17,0.0,1.3877787807814457e-17,3.469446951953614e-18,3.4869897514174153,2.7537481995115343,1.4445428922153996,0.03770794371631823,0.0,0.039650122620938824,0.02079939727884561,0.0005429416503661044,3.217059853516465e-18
215,0.0,5.711351079360378,59.94496567505717,0.0,0.0,0.0,0.0,3.469446951953614e-18,3.522809541134621,2.789647287611611,1.4633389223280757,0.037704868201195826,1.734723475976807e-18,0.03821146997376399,0.020044229799335237,0.0005164661660034613,3.217059853516465e-18
216,0.0,5.711351079360378,59.94354691075511,0.0,2.7755575615628914e-17,0.0,1.3877787807814457e-17,3.469446951953614e-18,3.5586231163304434,2.8255454114996312,1.482137208315586,0.03770179296013237,3.469446951953614e-18,0.036818667712013003,0.019313197782802383,0.0004912785267922789,3.217059853516465e-18
217,0.0,5.711351079360378,59.94212814645305,0.0,5.551115123125783e-17,3.469446951953614e-18,1.3877787807814457e-17,5.204170427930421e-18,3.594430323996852,2.8614421761305326,1.5009375492024661,0.03769871799309476,1.734723475976807e-18,0.03547067664935849,0.018605747452368832,0.00046731646272044693,4.825589780274697e-18
218,0.0,5.711351079360378,59.94070938215099,0.0,5.551115123125783e-17,0.0,1.3877787807814457e-17,5.204170427930421e-18,3.630231017351464,2.8973372063165304,1.5197397539881885,0.0376956433000743,1.734723475976807e-18,0.03416644908223876,0.017921321277237248,0.00044452067043711593,4.825589780274697e-18
219,0.0,5.711351079360378,59.939290617848926,0.0,2.7755575615628914e-17,2.6020852139652106e-18,4.163336342344337e-17,3.469446951953614e-18,3.66602505553086,2.9332301455100636,1.538543641040079,0.03769256888102106,3.469446951953614e-18,0.03290493215122161,0.01725935968495708,0.00042283467716767623,3.217059853516465e-18
220,0.0,5.711351079360378,59.937871853546866,0.0,2.7755575615628914e-17,3.469446951953614e-18,2.7755575615628914e-17,3.469446951953614e-18,3.7018123033016437,2.969120654674479,1.557349037529836,0.037689494735933506,0.0,0.031685070891688684,0.0166193026139067,0.00040220471023967407,3.217059853516465e-18
221,0.0,5.711351079360378,59.93645308924481,0.0,5.551115123125783e-17,8.673617379884035e-19,0.0,5.204170427930421e-18,3.737592630788416,3.0050084112356066,1.5761557789101623,0.03768642086476112,0.0,0.030505810996059833,0.016000590917484396,0.00038257957206370877,4.825589780274697e-18
222,0.0,5.711351079360378,59.93503432494275,0.0,2.7755575615628914e-17,1.734723475976807e-18,1.3877787807814457e-17,0.0,3.7733659132171096,3.040893108107359,1.5949637084280106,0.03768334726750724,1.734723475976807e-18,0.029366101308404027,0.015402667630785733,0.0003639105204148852,0.0
223,0.0,5.711351079360378,59.93361556064069,0.0,4.163336342344337e-17,1.734723475976807e-18,2.7755575615628914e-17,5.204170427930421e-18,3.8091320306730663,3.076774452785381,1.6137726766716056,0.037680273944116556,1.734723475976807e-18,0.028264896071001744,0.014824979109876605,0.00034615115384657724,4.825589780274697e-18
224,0.0,5.711351079360378,59.93219679633863,0.0,0.0,8.673617379884035e-19,2.7755575615628914e-17,0.0,3.84489086787263,3.112652166503396,1.6325825411486525,0.037677200894568545,1.734723475976807e-18,0.02720115694118073,0.014266976053126431,0.00032925730207395353,0.0
225,0.0,5.711351079360378,59.93077803203657,0.0,0.0,8.673617379884035e-19,1.3877787807814457e-17,1.734723475976807e-18,3.880642313947409,3.1485259834472217,1.6513931658930754,0.03767412811884792,0.0,0.02617385479558978,0.01372811441345986,0.00031318692115526065,1.6085299267582325e-18
226,0.0,5.711351079360378,59.92935926773451,0.0,1.3877787807814457e-17,8.673617379884035e-19,1.3877787807814457e-17,1.734723475976807e-18,3.916386262240598,3.184395650021664,1.6702044210981746,0.037671055616922106,1.734723475976807e-18,0.025181971337960816,0.013207856209809677,0.0002978999933031587,1.6085299267582325e-18
227,0.0,5.711351079360378,59.92794050343245,0.0,1.3877787807814457e-17,8.673617379884035e-19,0.0,3.469446951953614e-18,3.9521226101143188,3.2202609241668307,1.6890161827741892,0.03766798338876096,1.734723475976807e-18,0.02422450052537329,0.012705670245513839,0.00028335843115783474,3.217059853516465e-18
228,0.0,5.711351079360378,59.92652173913039,0.0,2.7755575615628914e-17,8.673617379884035e-19,2.0816681711721685e-17,3.469446951953614e-18,3.9878512587674213,3.2561215747192787,1.7078283324283503,0.03766491143433249,0.0,0.023300449827038647,0.012221032740883674,0.0002695259863542355,3.217059853516465e-18
229,0.0,5.711351079360378,59.925102974828334,0.0,4.163336342344337e-17,0.0,6.938893903907228e-18,0.0,4.023572113063176,3.291977380815233,1.7266407567657056,0.037661839753649826,3.469446951953614e-18,0.022408841328700444,0.011753427886690997,0.00025636816221910966,0.0
230,0.0,5.711351079360378,59.923684210526275,0.0,5.551115123125783e-17,0.0,2.7755575615628914e-17,3.469446951953614e-18,4.059285081366038,3.3278281313322915,1.7454533474092375,0.03765876834661324,0.0,0.021548712694860778,0.011302348324865753,0.00024385213043397238,3.217059853516465e-18
231,0.0,5.711351079360378,59.922265446224216,0.0,2.7755575615628914e-17,1.734723475976807e-18,6.938893903907228e-18,0.0,4.0949900753870585,3.3636736243671064,1.7642660006377737,0.037655697213266746,8.673617379884035e-19,0.020719118000228163,0.010867295562268616,0.00023194665150942978,0.0
232,0.0,5.711351079360378,59.92084668192216,0.0,2.7755575615628914e-17,8.673617379884035e-19,2.0816681711721685e-17,8.673617379884035e-19,4.130687010037455,3.399513666745901,1.783078617140458,0.0376526263535544,1.734723475976807e-18,0.0199191284409954,0.010447780323004622,0.0002206219989093856,8.0426496337911625e-19
233,0.0,5.711351079360378,59.9194279176201,0.0,2.7755575615628914e-17,4.336808689942018e-19,0.0,8.673617379884035e-19,4.166375803289708,3.435348073566066,1.8018911017865251,0.03764955576746385,8.673617379884035e-19,0.01914783293583788,0.01004332284436201,0.00020984988667991535,8.0426496337911625e-19
234,0.0,5.711351079360378,59.91800915331804,0.0,2.7755575615628914e-17,4.336808689942018e-19,6.938893903907228e-18,1.734723475976807e-18,4.202056376045861,3.4711766677659353,1.8207033634092376,0.03764648545493158,1.734723475976807e-18,0.018404338625831303,0.009653453121111216,0.00019960340043162353,1.6085299267582325e-18
235,0.0,5.711351079360378,59.91659038901597,0.0,0.0,2.168404344971009e-18,1.3877787807814457e-17,1.734723475976807e-18,4.237728652012502,3.506999279721261,1.839515314603149,0.03764341541596732,8.673617379884035e-19,0.017687771281851006,0.009277711102566475,0.0001898569315355696,1.6085299267582325e-18
236,0.0,5.711351079360378,59.91517162471391,0.0,1.3877787807814457e-17,1.3010426069826053e-18,1.3877787807814457e-17,1.734723475976807e-18,4.273392557582156,3.5428157468661414,1.8583268715335857,0.03764034565053819,0.0,0.016997275627410217,0.008915646846500508,0.0001805861143919563,1.6085299267582325e-18
237,0.0,5.711351079360378,59.913752860411854,0.0,0.0,4.336808689942018e-19,6.938893903907228e-18,0.0,4.309048021720493,3.57862591333689,1.8771379537574995,0.03763727615860536,8.673617379884035e-19,0.016332015584335603,0.008566820633713227,0.00017176776664010627,0.0
238,0.0,5.711351079360378,59.912334096109795,0.0,1.3877787807814457e-17,1.3010426069826053e-18,0.0,8.673617379884035e-19,4.344694975859301,3.6144296296371485,1.895948484055086,0.037634206940151745,1.734723475976807e-18,0.01569117444814475,0.008230803046784002,0.00016337983217971406,8.0426496337911625e-19
239,0.0,5.711351079360378,59.910915331807736,0.0,2.7755575615628914e-17,0.0,0.0,0.0,4.380333353794684,3.6502267523228236,1.9147583882712,0.037631137995149944,8.673617379884035e-19,0.015073954999505146,0.007907175016280375,0.00015540132687869148,0.0
240,0.0,5.711351079360378,59.90949656750568,0.0,2.0816681711721685e-17,4.336808689942018e-19,1.3877787807814457e-17,8.673617379884035e-19,4.415963091590215,3.686017143705425,1.933567595166047,0.03762806932356043,8.673617379884035e-19,0.014479579557683826,0.0075955278374590885,0.00014781228684813627,8.0426496337911625e-19
241,0.0,5.711351079360378,59.90807780320362,0.0,0.0,0.0,0.0,8.673617379884035e-19,4.451584127484863,3.721800671572798,1.9523760362745426,0.0376250009253875,8.673617379884035e-19,0.013907289981471987,0.007295463160275241,0.00014059371916911133,8.0426496337911625e-19
242,0.0,5.711351079360378,59.90665903890156,0.0,0.0,4.336808689942018e-19,0.0,8.673617379884035e-19,4.487196401805336,3.7575772089257278,1.9711836457736116,0.03762193280058936,8.673617379884035e-19,0.013356347622662293,0.007006592955301208,0.00013372755495948217,8.0426496337911625e-19
243,0.0,5.711351079360378,59.9052402745995,0.0,2.0816681711721685e-17,4.336808689942018e-19,1.0408340855860843e-17,0.0,4.5227998568825685,3.793346633729608,1.9899903603570581,0.03761886494912714,4.336808689942018e-19,0.012826033236780292,0.006728539457971132,0.00012719660467544981,0.0
244,0.0,5.711351079360378,59.90382151029744,0.0,6.938893903907228e-18,0.0,3.469446951953614e-18,0.0,4.55839443697229,3.829108828680221,2.0087961191175148,0.03761579737097253,0.0,0.012315646855419962,0.006460935093379508,0.00012098451554473175,0.0
245,0.0,5.711351079360378,59.90240274599538,0.0,6.938893903907228e-18,4.336808689942018e-19,1.0408340855860843e-17,2.168404344971009e-18,4.593980088179204,3.8648636809824564,2.027600863434898,0.03761273006612788,8.673617379884035e-19,0.011824507624206747,0.006203422383694316,0.00011507573103357073,2.0106624084477907e-18
246,0.0,5.711351079360378,59.90098398169332,0.0,6.938893903907228e-18,4.336808689942018e-19,3.469446951953614e-18,8.673617379884035e-19,4.629556758384806,3.9006110821414577,2.046404536870948,0.03760966303456236,4.336808689942018e-19,0.011351953610101287,0.005955653840091618,0.00010945545225326522,8.0426496337911625e-19
247,0.0,5.711351079360378,59.89956521739126,0.0,6.938893903907228e-18,0.0,0.0,1.3010426069826053e-18,4.66512439717855,3.936350927765108,2.065207085069676,0.037606596276195545,8.673617379884035e-19,0.010897341581476502,0.0057172918409657495,0.00010410960121664108,1.2063974450686743e-18
248,0.0,5.711351079360378,59.898146453089204,0.0,6.938893903907228e-18,2.168404344971009e-19,6.938893903907228e-18,8.673617379884035e-19,4.700682955792033,3.972083117377387,2.0840084556631653,0.03760352979107706,4.336808689942018e-19,0.010460046764128386,0.005488008498036873,9.902478585862593e-05,8.0426496337911625e-19
249,0.0,5.711351079360378,59.896727688787145,0.0,0.0,0.0,3.469446951953614e-18,1.734723475976807e-18,4.7362323870364555,4.007807554241679,2.102808598182219,0.03760046357912664,0.0,0.010039462576140528,0.0052674855118464425,9.418826673667496e-05,1.6085299267582325e-18
250,0.0,5.711351079360378,59.895308924485086,0.0,0.0,0.0,6.938893903907228e-18,8.673617379884035e-19,4.771772645242708,4.043524145193589,2.1216074639721585,0.0375973976403474,4.336808689942018e-19,0.009635000344282241,0.00505541401801746,8.958792533475123e-05,8.0426496337911625e-19
251,0.0,5.711351079360378,59.89389016018302,0.0,6.938893903907228e-18,1.0842021724855044e-18,3.469446951953614e-18,0.0,4.807303686204171,4.07923280048272,2.1404050061127124,0.03759433197470878,0.0,0.009246089004414863,0.00485149442553791,8.521223389323162e-05,0.0
252,0.0,5.711351079360378,59.89247139588096,0.0,3.469446951953614e-18,4.336808689942018e-19,6.938893903907228e-18,4.336808689942018e-19,4.842825467122186,4.114933433622573,2.1592011793422317,0.03759126658216113,0.0,0.008872174788168626,0.004655436248231027,8.105022669393883e-05,4.0213248168955813e-19
253,0.0,5.711351079360378,59.8910526315789,0.0,1.734723475976807e-17,0.0,3.469446951953614e-18,0.0,4.878337946553858,4.150625961248449,2.1779959399858444,0.03758820146269838,4.336808689942018e-19,0.00851272089798085,0.0044669579304752235,7.709147273120748e-05,0.0
254,0.0,5.711351079360378,59.88963386727684,0.0,0.0,6.505213034913027e-19,0.0,4.336808689942018e-19,4.913841084362176,4.186310302982516,2.1967892458872784,0.03758513661630862,2.168404344971009e-19,0.008167207172396888,0.004285786668148468,7.332604970289434e-05,4.0213248168955813e-19
255,0.0,5.711351079360378,59.88821510297478,0.0,6.938893903907228e-18,2.168404344971009e-19,6.938893903907228e-18,4.336808689942018e-19,4.949334841668319,4.22198638130609,2.215581056344221,0.03758207204291947,4.336808689942018e-19,0.00783512974338796,0.004111658225690292,6.974451925885524e-05,4.0213248168955813e-19
256,0.0,5.711351079360378,59.886796338672724,0.0,0.0,0.0,1.734723475976807e-18,0.0,4.98481918080597,4.257654121437987,2.2343713320468233,0.037579007742549325,2.168404344971009e-19,0.007516000687281312,0.003944316750096558,6.633790344739337e-05,0.0
257,0.0,5.711351079360378,59.885377574370665,0.0,0.0,0.0,6.938893903907228e-18,2.168404344971009e-19,5.0202940652777945,4.293313451219374,2.253160035019389,0.03757594371515575,4.336808689942018e-19,0.007209347670762412,0.0037835145825908605,6.309766230150602e-05,2.0106624084477906e-19
258,0.0,5.711351079360378,59.883958810068606,0.0,0.0,2.168404344971009e-19,1.734723475976807e-18,4.336808689942018e-19,5.055759459713505,4.328964301004221,2.2719471285649475,0.037572879960711444,6.505213034913027e-19,0.0069147135932811615,0.00362901206865109,6.00156725115018e-05,4.0213248168955813e-19
259,0.0,5.711351079360378,59.88254004576655,0.0,3.469446951953614e-18,4.336808689942018e-19,1.734723475976807e-18,2.168404344971009e-19,5.091215329829938,4.364606603555169,2.290732577212538,0.03756981647919293,0.0,0.00663165622706967,0.003480577367006836,5.7084207131327895e-05,2.0106624084477906e-19
260,0.0,5.711351079360378,59.88112128146449,0.0,3.469446951953614e-18,0.0,5.204170427930421e-18,2.168404344971009e-19,5.126661642392673,4.400240293944559,2.309516346667115,0.03756675327056608,4.336808689942018e-19,0.006359747855873752,0.003337986258167392,5.429591626925599e-05,2.0106624084477906e-19
261,0.0,5.711351079360378,59.87970251716243,0.0,6.938893903907228e-18,3.2526065174565133e-19,0.0,4.336808689942018e-19,5.162098365179357,4.435865309460255,2.3282984037617958,0.03756369033481893,2.168404344971009e-19,0.006098574913392043,0.003201021952986282,5.1643808715696474e-05,4.0213248168955813e-19
262,0.0,5.711351079360378,59.87828375286037,0.0,6.938893903907228e-18,5.421010862427522e-19,0.0,2.168404344971009e-19,5.197525466944502,4.471481589516114,2.347078716412515,0.03756062767189752,4.336808689942018e-19,0.005847737622325841,0.0030694749017206382,4.912123446289249e-05,2.0106624084477906e-19
263,0.0,5.711351079360378,59.87686498855831,0.0,0.0,0.0,3.469446951953614e-18,6.505213034913027e-19,5.232942917385742,4.5070890755666655,2.3658572535748355,0.037557565281814094,4.336808689942018e-19,0.005606849634848687,0.0029431426039971207,4.672186807394579e-05,6.031987225343372e-19
264,0.0,5.711351079360378,59.87544622425625,0.0,0.0,0.0,0.0,0.0,5.268350687111448,4.542687711025845,2.384633985202698,0.037554503164500555,0.0,0.00537553767523134,0.002821829420054797,4.443969285966562e-05,0.0
265,0.0,5.711351079360378,59.87402745995419,0.0,5.204170427930421e-18,1.0842021724855044e-19,0.0,0.0,5.303748747609784,4.578277441189666,2.4034088822091952,0.03755144131996804,2.168404344971009e-19,0.00515344118527109,0.0027053463835962953,4.226898582501002e-05,0.0
266,0.0,5.711351079360378,59.87260869565213,0.0,1.734723475976807e-18,1.0842021724855044e-19,0.0,4.336808689942018e-19,5.3391370712188735,4.613858213162407,2.422181916429278,0.03754837974818472,2.168404344971009e-19,0.004940211973115174,0.002593511016543625,4.020430334722346e-05,4.0213248168955813e-19
267,0.0,5.711351079360378,59.871189931350074,0.0,3.469446951953614e-18,3.2526065174565133e-19,3.469446951953614e-18,0.0,5.374515631098202,4.649429975786349,2.4409530605839196,0.03754531844909123,2.168404344971009e-19,0.004735513865997628,0.0024861471459605,3.8240467550841095e-05,0.0
268,0.0,5.711351079360378,59.86977116704801,0.0,1.734723475976807e-18,0.0,3.469446951953614e-18,0.0,5.40988440120126,4.684992679574649,2.459722288246206,0.03754225742269035,1.0842021724855044e-19,0.004539022367347665,0.0023830847233739043,3.637255334575702e-05,0.0
269,0.0,5.711351079360378,59.86835240274595,0.0,1.734723475976807e-18,0.0,8.673617379884035e-19,0.0,5.445243356249125,4.720546276647382,2.4784895738088255,0.03753919666896251,3.2526065174565133e-19,0.004350424318680004,0.0022841596466989,3.459587609600904e-05,0.0
270,0.0,5.711351079360378,59.86693363844389,0.0,0.0,1.0842021724855044e-19,8.673617379884035e-19,0.0,5.480592471705217,4.756090720670433,2.497254892453063,0.03753613618787142,1.0842021724855044e-19,0.00416941756661954,0.002189213584944529,3.290597988901951e-05,0.0
271,0.0,5.711351079360378,59.86551487414183,0.0,1.734723475976807e-18,1.0842021724855044e-19,8.673617379884035e-19,1.0842021724855044e-19,5.515931723750957,4.79162596679713,2.5160182201191508,0.03753307597935812,1.0842021724855044e-19,0.003995710635369125,0.002098093805855346,3.1298626376107724e-05,1.0053312042238953e-19
272,0.0,5.711351079360378,59.86409610983977,0.0,0.0,1.0842021724855044e-19,1.734723475976807e-18,2.168404344971009e-19,5.551261089262388,4.827151971612624,2.5347795334780754,0.03753001604345915,1.0842021724855044e-19,0.0038290224048883603,0.0020106530066210967,2.976978415664318e-05,2.0106624084477906e-19
273,0.0,5.711351079360378,59.86267734553771,0.0,1.734723475976807e-18,1.0842021724855044e-19,1.734723475976807e-18,3.2526065174565133e-19,5.586580545787766,4.862668693080614,2.5535388099044187,0.03752695638009032,0.0,0.003669081795007933,0.0019267491477670436,2.8315618679136692e-05,3.015993612671686e-19
274,0.0,5.711351079360378,59.86125858123565,0.0,1.734723475976807e-18,1.0842021724855044e-19,8.673617379884035e-19,1.0842021724855044e-19,5.62189007152593,4.89817609049241,2.57229602745061,0.037523896989255165,0.0,0.0035156274556720313,0.001846245290318306,2.693248263476948e-05,1.0053312042238953e-19
275,0.0,5.711351079360378,59.859839816933594,0.0,0.0,2.168404344971009e-19,0.0,1.0842021724855044e-19,5.6571896453054995,4.933674124418401,2.591051164822218,0.03752083787091887,3.2526065174565133e-19,0.0033684074634632265,0.0017690094363156373,2.5616906818851008e-05,1.0053312042238953e-19
276,0.0,5.711351079360378,59.858421052631535,0.0,1.734723475976807e-18,1.0842021724855044e-19,0.0,1.0842021724855044e-19,5.692479246564981,4.969162756661431,2.6098042013541702,0.037517779025076824,3.2526065174565133e-19,0.0032271790245419593,0.0016949143727443658,2.436559143787704e-05,1.0053312042238953e-19
277,0.0,5.711351079360378,59.857002288329475,0.0,1.734723475976807e-18,5.421010862427522e-20,0.0,1.0842021724855044e-19,5.727758855333456,5.004641950212311,2.628555116988291,0.03751472045166616,0.0,0.0030917081840935233,0.0016238375189235503,2.317539784029469e-05,1.0053312042238953e-19
278,0.0,5.711351079360378,59.855583524027416,0.0,1.734723475976807e-18,5.421010862427522e-20,1.734723475976807e-18,2.168404344971009e-19,5.763028452212126,5.040111669207209,2.6473038922515375,0.03751166215069854,1.0842021724855044e-19,0.0029617695423644324,0.0015556607773904586,2.20433406506011e-05,2.0106624084477906e-19
279,0.0,5.711351079360378,59.85416475972536,0.0,2.6020852139652106e-18,5.421010862427522e-20,8.673617379884035e-19,1.0842021724855044e-19,5.798288018356456,5.0755718788869295,2.6660505082353145,0.037508604122102635,0.0,0.0028371459773327006,0.0014902703883023834,2.0966580286855408e-05,1.0053312042238953e-19
280,0.0,5.711351079360378,59.8527459954233,0.0,8.673617379884035e-19,5.421010862427522e-20,1.734723475976807e-18,2.168404344971009e-19,5.8335375354590635,5.111022545557707,2.6847949465755483,0.037505546365883026,1.0842021724855044e-19,0.002717628374046836,0.0014275567873698318,1.9942415843312065e-05,2.0106624084477906e-19
281,0.0,5.711351079360378,59.85132723112124,0.0,3.469446951953614e-18,0.0,8.673617379884035e-19,1.0842021724855044e-19,5.86877698573314,5.146463636553923,2.7035371894337406,0.037502488882021734,1.0842021724855044e-19,0.002603015360643839,0.0013674144673215124,1.8968278320071612e-05,1.0053312042238953e-19
282,0.0,5.711351079360378,59.84990846681918,0.0,0.0,5.421010862427522e-20,0.0,0.0,5.904006351896598,5.181895120202201,2.7222772194786384,0.03749943167046354,5.421010862427522e-20,0.0024931130510396377,0.0013097418428964492,1.8041724183053862e-05,0.0
283,0.0,5.711351079360378,59.84848970251712,0.0,8.673617379884035e-19,0.0,1.3010426069826053e-18,0.0,5.939225617156663,5.2173169657869956,2.741015019868784,0.03749637473119503,0.0,0.002387734794271613,0.0012544411193492798,1.7160429238214537e-05,0.0
284,0.0,5.711351079360378,59.847070938215055,0.0,8.673617379884035e-19,0.0,4.336808689942018e-19,0.0,5.974434765195137,5.252729143517689,2.759750574235769,0.037493318064204785,0.0,0.0022867009304593823,0.0012014181644467207,1.6322182804577842e-05,0.0
285,0.0,5.711351079360378,59.845652173912995,0.0,8.673617379884035e-19,5.421010862427522e-20,4.336808689942018e-19,5.421010862427522e-20,6.009633780154127,5.288131624497007,2.7784838666680827,0.03749026166944135,1.6263032587282567e-19,0.002189838553333097,0.0011505823839289468,1.5524882171611977e-05,5.0266560211194766e-20
286,0.0,5.711351079360378,59.844233409610936,0.0,0.0,5.421010862427522e-20,8.673617379884035e-19,0.0,6.044822646622297,5.32352438069064,2.797214881695776,0.03748720554689854,0.0,0.0020969812792734177,0.0011018466004020175,1.4766527327131897e-05,0.0
287,0.0,5.711351079360378,59.84281464530888,0.0,0.0,1.0842021724855044e-19,8.673617379884035e-19,0.0,6.080001349621598,5.35890738489815,2.815943604275509,0.03748414969654049,1.0842021724855044e-19,0.0020079690227927482,0.001055126935623289,1.4045215942430888e-05,0.0
288,0.0,5.711351079360378,59.84139588100682,0.0,8.673617379884035e-19,5.421010862427522e-20,1.3010426069826053e-18,5.421010862427522e-20,6.115169874594517,5.394280610725067,2.834670019776448,0.03748109411834854,0.0,0.0019226477783800997,0.001010342696137756,1.3359138602211987e-05,5.0266560211194766e-20
289,0.0,5.711351079360378,59.83997711670476,0.0,8.673617379884035e-19,2.710505431213761e-20,8.673617379884035e-19,1.6263032587282567e-19,6.150328207391697,5.429644032556076,2.853394113966532,0.0374780388122899,1.6263032587282567e-19,0.0018408694086252228,0.0009674162622184422,1.2706574267325364e-05,1.507996806335843e-19
290,0.0,5.711351079360378,59.8385583524027,0.0,8.673617379884035e-19,2.710505431213761e-20,1.3010426069826053e-18,0.0,6.185476334260064,5.464997625529225,2.872115872999364,0.0374749837783284,1.6263032587282567e-19,0.0017624914385277884,0.0009262729800602082,1.2085885958984866e-05,0.0
291,0.0,5.711351079360378,59.83713958810064,0.0,0.0,2.710505431213761e-20,0.0,2.168404344971009e-19,6.2206142418313135,5.50034136551124,2.8908352834016804,0.037471929016452694,1.0842021724855044e-19,0.0016873768558947465,0.000886841057175437,1.1495516653667346e-05,2.0106624084477906e-19
292,0.0,5.711351079360378,59.83572082379858,0.0,1.734723475976807e-18,2.710505431213761e-20,4.336808689942018e-19,5.421010862427522e-20,6.255741917110802,5.535675229073655,2.9095523320610917,0.03746887452664404,1.0842021724855044e-19,0.001615393917720866,0.0008490514609341812,1.0933985378387283e-05,5.0266560211194766e-20
293,0.0,5.711351079360378,59.83430205949652,0.0,1.734723475976807e-18,2.710505431213761e-20,4.336808689942018e-19,5.421010862427522e-20,6.290859347466841,5.570999193470059,2.9282670062145537,0.0374658203088389,1.0842021724855044e-19,0.0015464159624470834,0.0008128378201930124,1.0399883496603586e-05,5.0266560211194766e-20
294,0.0,5.711351079360378,59.83288329519446,0.0,4.336808689942018e-19,5.421010862427522e-20,4.336808689942018e-19,5.421010862427522e-20,6.325966520620374,5.606313236614017,2.9469792934370855,0.03746276636307527,5.421010862427522e-20,0.0014803212279800647,0.0007781363299506174,9.891871175505726e-06,5.0266560211194766e-20
295,0.0,5.711351079360378,59.831464530892404,0.0,0.0,5.421010862427522e-20,4.336808689942018e-19,0.0,6.361063424634911,5.641617337058106,2.965689181631096,0.03745971268924663,5.421010862427522e-20,0.001416992675364057,0.0007448856589711534,9.408674025661868e-06,0.0
296,0.0,5.711351079360378,59.830045766590345,0.0,4.336808689942018e-19,0.0,0.0,0.0,6.3961500479069215,5.676911473973342,2.984396659015913,0.03745665928738373,8.131516293641283e-20,0.0013563178179826867,0.0007130268603111313,8.949079904892041e-06,0.0
297,0.0,5.711351079360378,59.828627002288286,0.0,0.0,2.710505431213761e-20,0.0,1.0842021724855044e-19,6.431226379156487,5.71219562712988,3.00310171411786,0.03745360615743857,1.0842021724855044e-19,0.0012981885561735482,0.000682503284687459,8.51193587805262e-06,1.0053312042238953e-19
298,0.0,5.711351079360378,59.82720823798623,0.0,8.673617379884035e-19,0.0,2.168404344971009e-19,2.710505431213761e-20,6.466292407418214,5.74746977687801,3.0218043357606734,0.03745055329941833,2.710505431213761e-20,0.0012425010171345154,0.0006532604966221784,8.096145325370666e-06,2.5133280105597383e-20
299,0.0,5.711351079360378,59.82578947368417,0.0,1.3010426069826053e-18,2.710505431213761e-20,4.336808689942018e-19,5.421010862427522e-20,6.501348122032616,5.78273390413013,3.040504513056182,0.03744750071323774,2.710505431213761e-20,0.001189155399998469,0.0006252461932993635,7.700665191906854e-06,5.0266560211194766e-20
300,0.0,5.711351079360378,59.8243707093821,0.0,0.0,0.0,2.168404344971009e-19,8.131516293641283e-20,6.536393512637575,5.817987990343262,3.0592022353955435,0.037444448398911714,0.0,0.0011380558259549722,0.00059841012606855,7.324503371403137e-06,7.539984031679215e-20
301,0.0,5.711351079360378,59.82295194508004,0.0,8.673617379884035e-19,2.710505431213761e-20,2.168404344971009e-19,2.710505431213761e-20,6.571428569160226,5.853232017502266,3.077897492440531,0.03744139635641323,2.710505431213761e-20,0.0010891101932950283,0.0005727040245304878,6.966716217815372e-06,2.5133280105597383e-20
302,0.0,5.711351079360378,59.82153318077798,0.0,0.0,2.710505431213761e-20,6.505213034913027e-19,0.0,6.6064532818090695,5.888465968103671,3.0965902741153393,0.037438344585699466,8.131516293641283e-20,0.001042230037255687,0.0005480815231400546,6.626406178400437e-06,0.0
303,0.0,5.711351079360378,59.820114416475924,0.0,4.336808689942018e-19,6.776263578034403e-20,2.168404344971009e-19,8.131516293641283e-20,6.641467641066302,5.92368982514007,3.11528057059865,0.037435293086750546,8.131516293641283e-20,0.0009973303945412363,0.0005244980902604879,6.302719542391886e-06,7.539984031679215e-20
304,0.0,5.711351079360378,59.818695652173865,0.0,8.673617379884035e-19,1.3552527156068805e-20,4.336808689942018e-19,0.0,6.676471637680401,5.958903572085078,3.1339683723158767,0.037432241859541894,2.710505431213761e-20,0.000954329672400005,0.0005019109596059098,5.994844299605312e-06,0.0
305,0.0,5.711351079360378,59.817276887871806,0.0,4.336808689942018e-19,2.710505431213761e-20,0.0,0.0,6.711465262659055,5.9941071928788245,3.152653669931874,0.037429190904049836,5.421010862427522e-20,0.000913149522133655,0.0004802790640066187,5.70200810364046e-06,0.0
306,0.0,5.711351079360378,59.81585812356975,0.0,2.168404344971009e-19,1.3552527156068805e-20,2.168404344971009e-19,2.710505431213761e-20,6.746448507262173,6.029300671914045,3.1713364543437206,0.03742614022024762,5.421010862427522e-20,0.0008737147169188896,0.0004595629714352564,5.423476334532527e-06,2.5133280105597383e-20
307,0.0,5.711351079360378,59.81443935926769,0.0,8.673617379884035e-19,2.710505431213761e-20,2.168404344971009e-19,0.0,6.7814213629951645,6.0644839940226065,3.190016716673882,0.03742308980809906,2.710505431213761e-20,0.0008359530338222182,0.00043972482322913314,5.158550256035271e-06,0.0
308,0.0,5.711351079360378,59.81302059496563,0.0,2.168404344971009e-19,4.0657581468206416e-20,0.0,2.710505431213761e-20,6.816383821602519,6.0996571444624355,3.208694448263558,0.03742003966759571,0.0,0.0007997951398906616,0.00042072827444817647,4.906565262906235e-06,2.5133280105597383e-20
309,0.0,5.711351079360378,59.81160183066357,0.0,6.505213034913027e-19,0.0,4.336808689942018e-19,0.0,6.851335875061422,6.134820108905127,3.2273696406662733,0.03741698979869356,2.710505431213761e-20,0.0007651744821994374,0.0004025384363069345,4.666889213772113e-06,0.0
310,0.0,5.711351079360378,59.81018306636151,0.0,4.336808689942018e-19,0.0,2.168404344971009e-19,2.710505431213761e-20,6.8862775155757,6.169972873423639,3.2460422856417424,0.03741394020137712,4.0657581468206416e-20,0.0007320271817454491,0.00038512182061931,4.43892084543493e-06,2.5133280105597383e-20
311,0.0,5.711351079360378,59.80876430205945,0.0,2.168404344971009e-19,2.710505431213761e-20,1.0842021724855044e-19,5.421010862427522e-20,6.921208735569984,6.205115424480799,3.264712375149853,0.037410890875605354,2.710505431213761e-20,0.0007002919310692662,0.0003684462861979475,4.222088264618318e-06,5.0266560211194766e-20
312,0.0,5.711351079360378,59.80734553775739,0.0,2.168404344971009e-19,1.3552527156068805e-20,1.0842021724855044e-19,5.421010862427522e-20,6.956129527683895,6.240247748917991,3.2833799013449205,0.037407841821388316,0.0,0.0006699098954983751,0.0003524809871487865,4.01584751338415e-06,5.0266560211194766e-20
313,0.0,5.711351079360378,59.80592677345533,0.0,6.505213034913027e-19,1.3552527156068805e-20,0.0,1.3552527156068805e-20,6.991039884766534,6.275369833944206,3.3020448565701206,0.0374047930386658,0.0,0.0006408246178996521,0.0003371963230044798,3.8196812045986685e-06,1.2566640052798691e-20
314,0.0,5.711351079360378,59.804508009153274,0.0,4.336808689942018e-19,1.3552527156068805e-20,1.0842021724855044e-19,1.3552527156068805e-20,7.025939799871105,6.310481667125646,3.3207072333521577,0.03740174452741032,0.0,0.0006129819268352279,0.00032256389063920686,3.633097224074514e-06,1.2566640052798691e-20
315,0.0,5.711351079360378,59.803089244851215,0.0,2.168404344971009e-19,1.3552527156068805e-20,2.168404344971009e-19,4.0657581468206416e-20,7.0608292662496925,6.3455832363753695,3.3393670243959854,0.03739869628762007,2.710505431213761e-20,0.00058632984801537,0.00030855643791068013,3.4556274960816317e-06,3.769992015839607e-20
316,0.0,5.711351079360378,59.80167048054915,0.0,2.168404344971009e-19,0.0,3.2526065174565133e-19,0.0,7.095708277348293,6.380674529943729,3.358024222579889,0.03739564831925298,2.710505431213761e-20,0.0005608185189486217,0.0002951478189747549,3.2868268091569283e-06,0.0
317,0.0,5.711351079360378,59.80025171624709,0.0,4.336808689942018e-19,2.710505431213761e-20,0.0,1.3552527156068805e-20,7.130576826801741,6.415755536408726,3.3766788209506156,0.03739260062226868,2.710505431213761e-20,0.000536400106682748,0.00028231295122032023,3.1262716992740575e-06,1.2566640052798691e-20
318,0.0,5.711351079360378,59.79883295194503,0.0,2.168404344971009e-19,1.3552527156068805e-20,1.0842021724855044e-19,1.3552527156068805e-20,7.165434908429149,6.450826244666879,3.395330812718584,0.03738955319668201,0.0,0.0005130287285442528,0.0002700277737718689,2.9735593875581426e-06,1.2566640052798691e-20
319,0.0,5.711351079360378,59.79741418764297,0.0,2.168404344971009e-19,1.3552527156068805e-20,0.0,4.0657581468206416e-20,7.200282516229174,6.485886643924386,3.4139801912535073,0.037386506042428116,1.3552527156068805e-20,0.000490660375775019,0.0002582692075105372,2.828306769882396e-06,3.769992015839607e-20
320,0.0,5.711351079360378,59.79599542334091,0.0,1.0842021724855044e-19,6.776263578034403e-21,2.168404344971009e-19,2.710505431213761e-20,7.235119644375569,6.520936723688551,3.432626950079931,0.03738345915949597,1.3552527156068805e-20,0.000469252839975928,0.00024701511656318587,2.690149455828145e-06,2.5133280105597383e-20
321,0.0,5.711351079360378,59.79457665903885,0.0,1.0842021724855044e-19,2.0328790734103208e-20,2.168404344971009e-19,1.3552527156068805e-20,7.269946287212889,6.555976473759519,3.451271082872994,0.03738041254785305,0.0,0.0004487656422617657,0.00023624427121187583,2.558740854576688e-06,1.2566640052798691e-20
322,0.0,5.711351079360378,59.793157894736794,0.0,0.0,0.0,1.0842021724855044e-19,1.3552527156068805e-20,7.304762439252203,6.591005884222231,3.4699125834543385,0.03737736620748549,1.3552527156068805e-20,0.0004291599650427155,0.00022593631217679409,2.4337513054563248e-06,1.2566640052798691e-20
323,0.0,5.711351079360378,59.791739130434735,0.0,1.0842021724855044e-19,0.0,0.0,1.3552527156068805e-20,7.339568095167077,6.62602494543866,3.4885514457881635,0.03737432013836676,2.710505431213761e-20,0.00041039858633990395,0.00021607171622720943,2.3148672509540963e-06,1.2566640052798691e-20
324,0.0,5.711351079360378,59.790320366132676,0.0,3.2526065174565133e-19,6.776263578034403e-21,0.0,1.3552527156068805e-20,7.374363249789542,6.661033648040366,3.5071876639773314,0.03737127434045348,6.776263578034403e-21,0.000392445816553936,0.00020663176307513838,2.2017904501227915e-06,1.2566640052798691e-20
325,0.0,5.711351079360378,59.78890160183062,0.0,1.0842021724855044e-19,6.776263578034403e-21,5.421010862427522e-20,1.3552527156068805e-20,7.409147898106287,6.696031982921198,3.5258212322597435,0.03736822881372247,6.776263578034403e-21,0.0003752674376025426,0.0001975985035092412,2.0942372304131136e-06,1.2566640052798691e-20
326,0.0,5.711351079360378,59.78748283752856,0.0,1.0842021724855044e-19,1.3552527156068805e-20,1.0842021724855044e-19,6.776263578034403e-21,7.4439220352548965,6.731019941230262,3.5444521450046613,0.03736518355816657,0.0,0.0003588306443462857,0.00018895472872628975,1.9919377760519093e-06,6.283320026399346e-21
327,0.0,5.711351079360378,59.7860640732265,0.0,1.0842021724855044e-19,1.3552527156068805e-20,5.421010862427522e-20,6.776263578034403e-21,7.478685656520206,6.765997514365156,3.5630803967092524,0.037362138573757496,2.710505431213761e-20,0.0003431039882232632,0.0001806839408195747,1.894635451164591e-06,6.283320026399346e-21
328,0.0,5.711351079360378,59.78464530892444,0.0,0.0,0.0,5.421010862427522e-20,0.0,7.513438757330794,6.800964693965341,3.5817059819951984,0.037359093860439875,6.776263578034403e-21,0.0003280573230202672,0.00017277032438379973,1.8020861559822678e-06,0.0
329,0.0,5.711351079360378,59.78322654462238,0.0,2.168404344971009e-19,0.0,0.0,6.776263578034403e-21,7.548181333255519,6.835921471905804,3.6003288956055153,0.037356049418210094,6.776263578034403e-21,0.0003136617527018031,0.00016519871919824564,1.7140577144846455e-06,6.283320026399346e-21
330,0.0,5.711351079360378,59.78180778032032,0.0,0.0,6.776263578034403e-21,5.421010862427522e-20,6.776263578034403e-21,7.582913380000208,6.870867840290783,3.6189491324012986,0.0373530052470478,1.3552527156068805e-20,0.0002998895812284081,0.00015795459395074926,1.6303292919517674e-06,6.283320026399346e-21
331,0.0,5.711351079360378,59.78038901601826,0.0,0.0,3.3881317890172014e-21,5.421010862427522e-20,6.776263578034403e-21,7.617634893404409,6.905803791447954,3.6375666873586425,0.03734996134692435,2.0328790734103208e-20,0.00028671426429274706,0.00015102402096529746,1.550690840971937e-06,6.283320026399346e-21
332,0.0,5.711351079360378,59.778970251716196,0.0,0.0,3.3881317890172014e-21,5.421010862427522e-20,2.710505431213761e-20,7.652345869438265,6.940729317922424,3.6561815555657033,0.03734691771779477,6.776263578034403e-21,0.00027411036290812016,0.0001443936518985491,1.4749425745052983e-06,2.5133280105597383e-20
333,0.0,5.711351079360378,59.77755148741414,0.0,1.0842021724855044e-19,1.3552527156068805e-20,5.421010862427522e-20,6.776263578034403e-21,7.6870463041993995,6.975644412471292,3.674793732219919,0.037343874359635106,0.0,0.00026205349878015026,0.00013805069437049835,1.4028944646966424e-06,6.283320026399346e-21
334,0.0,5.711351079360378,59.77613272311208,0.0,1.6263032587282567e-19,6.776263578034403e-21,5.421010862427522e-20,0.0,7.721736193910005,7.010549068058066,3.6934032126250322,0.037340831272460406,1.3552527156068805e-20,0.00025052031140148083,0.0001319828894963539,1.3343657661555754e-06,0.0
335,0.0,5.711351079360378,59.77471395881002,0.0,1.0842021724855044e-19,6.776263578034403e-21,5.421010862427522e-20,0.0,7.756415534913893,7.04544327784747,3.7120099921885275,0.037337788456191484,0.0,0.0002394884168062211,0.0001261784902865403,1.2691845625290269e-06,0.0
336,0.0,5.711351079360378,59.77329519450796,0.0,1.6263032587282567e-19,6.776263578034403e-21,5.421010862427522e-20,0.0,7.791084323673749,7.080327035200281,3.7306140664189082,0.03733474591082464,6.776263578034403e-21,0.000228936367924037,0.00012062624088498143,1.2071873352312393e-06,0.0
337,0.0,5.711351079360378,59.7718764302059,0.0,5.421010862427522e-20,6.776263578034403e-21,0.0,0.0,7.825742556768305,7.1152003336683185,3.7492154309232886,0.037331703636348544,6.776263578034403e-21,0.00021884361647704552,0.00011531535661370214,1.148218553224454e-06,0.0
338,0.0,5.711351079360378,59.77045766590384,0.0,5.421010862427522e-20,1.0164395367051604e-20,5.421010862427522e-20,0.0,7.860390230889772,7.150063166989765,3.7678140814047514,0.03732866163270749,1.6940658945086007e-20,0.00020919047636278542,0.0001102355047958057,1.0921302828465783e-06,0.0
339,0.0,5.711351079360378,59.76903890160178,0.0,1.0842021724855044e-19,0.0,8.131516293641283e-20,1.3552527156068805e-20,7.895027342841173,7.184915529084364,3.786410013660072,0.037325619899895406,0.0,0.00019995808846933006,0.00010537678632794754,1.0387818166965133e-06,1.2566640052798691e-20
340,0.0,5.711351079360378,59.76762013729972,0.0,1.6263032587282567e-19,3.3881317890172014e-21,0.0,1.0164395367051604e-20,7.929653889533857,7.219757414048875,3.805003223577359,0.03732257843788793,3.3881317890172014e-21,0.00019112838686960763,0.00010072971797374082,9.880393206515664e-07,9.424980039599018e-21
341,0.0,5.711351079360378,59.766201372997664,0.0,1.0842021724855044e-19,6.776263578034403e-21,2.710505431213761e-20,0.0,7.964269867985108,7.254588816152808,3.823593707133807,0.03731953724663964,1.3552527156068805e-20,0.00018268406634459447,9.62852153541576e-05,9.397754981148924e-07,0.0
342,0.0,5.711351079360378,59.764782608695604,0.0,0.0,3.3881317890172014e-21,8.131516293641283e-20,0.0,7.9988752753156325,7.289409729834084,3.8421814603935185,0.03731649632614335,3.3881317890172014e-21,0.00017460855118673146,9.203457660633296e-05,8.93869270676149e-07,0.0
343,0.0,5.711351079360378,59.763363844393545,0.0,1.0842021724855044e-19,3.3881317890172014e-21,5.421010862427522e-20,3.3881317890172014e-21,8.033470108747347,7.324220149694787,3.860766479505344,0.037313455676359505,3.3881317890172014e-21,0.00016688596523347426,8.796946668794127e-05,8.502054743687235e-07,3.141660013199673e-21
344,0.0,5.711351079360378,59.761945080091486,0.0,5.421010862427522e-20,0.0,5.421010862427522e-20,3.3881317890172014e-21,8.068054365601066,7.359020070497348,3.879348760700837,0.037310415297280394,1.0164395367051604e-20,0.00015950110309034446,8.408190230172029e-05,8.08674570752955e-07,3.141660013199673e-21
345,0.0,5.711351079360378,59.76052631578943,0.0,5.421010862427522e-20,5.082197683525802e-21,2.710505431213761e-20,3.3881317890172014e-21,8.102628043294287,7.39380948716042,3.8979283002922642,0.03730737518885608,3.3881317890172014e-21,0.00015243940249200013,8.036423741842698e-05,7.69172372132156e-07,3.141660013199673e-21
346,0.0,5.711351079360378,59.75910755148737,0.0,5.421010862427522e-20,1.6940658945086007e-21,2.710505431213761e-20,3.3881317890172014e-21,8.13719113933914,7.428588394755262,3.9165050946706623,0.03730433535107945,3.3881317890172014e-21,0.00014568691776518857,7.680914937443779e-05,7.315997801704958e-07,3.141660013199673e-21
347,0.0,5.711351079360378,59.75768878718531,0.0,5.421010862427522e-20,1.6940658945086007e-21,0.0,3.3881317890172014e-21,8.171743651340211,7.4633567885020105,3.935079140303929,0.03730129578391584,3.3881317890172014e-21,0.00013923029434824866,7.340962552294025e-05,6.958625372919603e-07,3.141660013199673e-21
348,0.0,5.711351079360378,59.75627002288324,0.0,2.710505431213761e-20,1.6940658945086007e-21,0.0,3.3881317890172014e-21,8.206285576992512,7.49811466376602,3.95365043373501,0.03729825648732984,0.0,0.0001330567443277798,7.015895041790886e-05,6.618709902222934e-07,3.141660013199673e-21
349,0.0,5.711351079360378,59.75485125858118,0.0,1.0842021724855044e-19,1.6940658945086007e-21,0.0,6.776263578034403e-21,8.24081691407956,7.532862016054484,3.972218971580065,0.03729521746130927,6.776263578034403e-21,0.0001271540229550306,6.705069351038478e-05,6.295398650712994e-07,6.283320026399346e-21
350,0.0,5.711351079360378,59.753432494279124,0.0,2.710505431213761e-20,1.6940658945086007e-21,0.0,3.3881317890172014e-21,8.275337660471422,7.5675988410130115,3.9907847505268537,0.03729217870583806,0.0,0.00012151040610359759,6.407869733802888e-05,5.987880534149982e-07,3.141660013199673e-21
351,0.0,5.711351079360378,59.752013729977065,0.0,0.0,6.776263578034403e-21,2.710505431213761e-20,3.3881317890172014e-21,8.30984781412279,7.602325134422358,4.009347767332886,0.037289140220871646,6.776263578034403e-21,0.00011611466863357248,6.12370661881489e-05,5.695384088179606e-07,3.141660013199673e-21
352,0.0,5.711351079360378,59.750594965675006,0.0,5.421010862427522e-20,3.3881317890172014e-21,2.710505431213761e-20,3.3881317890172014e-21,8.344347373071278,7.637040892195228,4.02790801882391,0.03728610200638816,3.3881317890172014e-21,0.00011095606362526029,5.8520155217545436e-05,5.417175532985428e-07,3.141660013199673e-21
353,0.0,5.711351079360378,59.74917620137295,0.0,2.710505431213761e-20,1.6940658945086007e-21,4.0657581468206416e-20,6.776263578034403e-21,8.378836335435498,7.671746110373203,4.046465501892328,0.037283064062365645,1.6940658945086007e-21,0.0001060243024530172,5.5922560009929235e-05,5.152556932478107e-07,6.283320026399346e-21
354,0.0,5.711351079360378,59.74775743707089,0.0,2.710505431213761e-20,3.3881317890172014e-21,1.3552527156068805e-20,1.6940658945086007e-21,8.413314699413396,7.706440785123711,4.065020213495549,0.037280026388767935,3.3881317890172014e-21,0.00010130953566157921,5.343910655606697e-05,4.900864443400012e-07,1.5708300065998364e-21
355,0.0,5.711351079360378,59.74633867276883,0.0,2.710505431213761e-20,1.6940658945086007e-21,1.3552527156068805e-20,6.776263578034403e-21,8.447782463280582,7.741124912737066,4.083572150654582,0.03727698898557114,1.6940658945086007e-21,9.680233461934979e-05,5.106484163816984e-05,4.6614666499547457e-07,6.283320026399346e-21
356,0.0,5.711351079360378,59.74491990846677,0.0,0.0,0.0,1.3552527156068805e-20,3.3881317890172014e-21,8.482239625388601,7.775798489623683,4.102121310452511,0.03727395185275506,0.0,9.249367391416687e-05,4.879502360449086e-05,4.433762979786901e-07,3.141660013199673e-21
357,0.0,5.711351079360378,59.74350114416471,0.0,0.0,0.0,2.710505431213761e-20,0.0,8.516686184163397,7.81046151231126,4.120667690033123,0.03727091499031817,0.0,8.837491446474769e-05,4.662511351859566e-05,4.217182197363071e-07,0.0
358,0.0,5.711351079360378,59.74208237986265,0.0,0.0,8.470329472543003e-22,0.0,5.082197683525802e-21,8.551122138103706,7.845113977442103,4.139211286599496,0.03726787839818329,1.6940658945086007e-21,8.4437787320736e-05,4.4550766668028974e-05,4.011180970887747e-07,4.712490019799509e-21
359,0.0,5.711351079360378,59.74066361556059,0.0,2.710505431213761e-20,8.470329472543003e-22,0.0,1.6940658945086007e-21,8.585547485779562,7.879755881770503,4.157752097412634,0.03726484207635847,3.3881317890172014e-21,8.06743781214281e-05,4.256782441922053e-05,3.815242509300869e-07,1.5708300065998364e-21
360,0.0,5.711351079360378,59.73924485125853,0.0,5.421010862427522e-20,8.470329472543003e-22,0.0,1.6940658945086007e-21,8.61996222583075,7.914387222160142,4.176290119790249,0.037261806024817004,3.3881317890172014e-21,7.707711219116648e-05,4.06723064048085e-05,3.6288752657708054e-07,1.5708300065998364e-21
361,0.0,5.711351079360378,59.737826086956474,0.0,0.0,8.470329472543003e-22,1.3552527156068805e-20,0.0,8.654366356965415,7.949007995581737,4.194825351105331,0.03725877024349073,1.6940658945086007e-21,7.363874024346791e-05,3.886040302998045e-05,3.4516117046031567e-07,0.0
362,0.0,5.711351079360378,59.736407322654415,0.0,4.0657581468206416e-20,8.470329472543003e-22,1.3552527156068805e-20,1.6940658945086007e-21,8.68875987795861,7.983618199110484,4.213357788785085,0.037255734732420595,1.6940658945086007e-21,7.035232467084989e-05,3.712846828577513e-05,3.283007128320059e-07,1.5708300065998364e-21
363,0.0,5.711351079360378,59.734988558352356,0.0,4.0657581468206416e-20,1.6940658945086007e-21,1.3552527156068805e-20,3.3881317890172014e-21,8.723142787650906,8.018217829923806,4.2318874303095875,0.03725269949153353,1.6940658945086007e-21,6.721122639853585e-05,3.547301285711824e-05,3.1226385620684876e-07,3.141660013199673e-21
364,0.0,5.711351079360378,59.7335697940503,0.0,4.0657581468206416e-20,8.470329472543003e-22,1.3552527156068805e-20,1.6940658945086007e-21,8.757515084947059,8.052806885298976,4.250414273210691,0.037249664520819556,3.3881317890172014e-21,6.420909227744896e-05,3.389069751370063e-05,2.9701036925228913e-07,1.5708300065998364e-21
365,0.0,5.711351079360378,59.73215102974823,0.0,1.3552527156068805e-20,8.470329472543003e-22,1.3552527156068805e-20,0.0,8.791876768814685,8.087385362611004,4.268938315070818,0.03724662982024631,8.470329472543003e-22,6.133984299633717e-05,3.237832677271157e-05,2.825019858554408e-07,0.0
366,0.0,5.711351079360378,59.73073226544617,0.0,4.0657581468206416e-20,1.6940658945086007e-21,2.0328790734103208e-20,1.6940658945086007e-21,8.826227838283,8.121953259330377,4.2874595535219475,0.03724359538979389,1.6940658945086007e-21,5.85976614935822e-05,3.093284282272534e-05,2.6870230913276847e-07,1.5708300065998364e-21
367,0.0,5.711351079360378,59.72931350114411,0.0,4.0657581468206416e-20,8.470329472543003e-22,0.0,0.0,8.860568292441508,8.156510573020999,4.305977986244424,0.03724056122943917,0.0,5.59769818460988e-05,2.9551319698234925e-05,2.5557672012040195e-07,0.0
368,0.0,5.711351079360378,59.72789473684205,0.0,2.710505431213761e-20,0.0,6.776263578034403e-21,1.6940658945086007e-21,8.894898130438833,8.191057301338077,4.324493610965933,0.03723752733915541,8.470329472543003e-22,5.347247861820433e-05,2.823095769446001e-05,2.430922909209612e-07,1.5708300065998364e-21
369,0.0,5.711351079360378,59.726475972539994,0.0,2.710505431213761e-20,8.470329472543003e-22,2.710505431213761e-20,1.6940658945086007e-21,8.92921735148152,8.225593442026243,4.343006425460499,0.03723449371892079,1.6940658945086007e-21,5.107905665261544e-05,2.6969078013868493e-05,2.3121770210192372e-07,1.5708300065998364e-21
370,0.0,5.711351079360378,59.725057208237935,0.0,1.3552527156068805e-20,8.470329472543003e-22,2.0328790734103208e-20,1.6940658945086007e-21,8.963525954832813,8.260118992917453,4.3615164275474925,0.037231460368678686,8.470329472543003e-22,4.879184128260491e-05,2.576311763382148e-05,2.1992316413152885e-07,1.5708300065998364e-21
371,0.0,5.711351079360378,59.723638443935876,0.0,1.3552527156068805e-20,0.0,0.0,3.3881317890172014e-21,8.997823939811614,8.294633951929164,4.38002361509061,0.037228427288431926,0.0,4.6606168953543336e-05,2.4610624387846656e-05,2.0918034263277021e-07,3.141660013199673e-21
372,0.0,5.711351079360378,59.72221967963382,0.0,0.0,0.0,1.3552527156068805e-20,1.6940658945086007e-21,9.032111305791283,8.329138317062535,4.3985279859969495,0.03722539447813279,8.470329472543003e-22,4.4517578232075334e-05,2.3509252250181045e-05,1.9896228731287802e-07,1.5708300065998364e-21
373,0.0,5.711351079360378,59.72080091533176,0.0,1.3552527156068805e-20,1.6940658945086007e-21,2.0328790734103208e-20,1.6940658945086007e-21,9.066388052198592,8.363632086400486,4.417029538216086,0.03722236193779304,2.541098841762901e-21,4.252180119108503e-05,2.245675681793378e-05,1.8924336434545087e-07,1.5708300065998364e-21
374,0.0,5.711351079360378,59.7193821510297,0.0,2.710505431213761e-20,4.235164736271502e-22,0.0,0.0,9.100654178512654,8.398115258106111,4.435528269739168,0.03721932966734567,1.6940658945086007e-21,4.061475515296164e-05,2.145099097985913e-05,1.7999919207307197e-07,0.0
375,0.0,5.711351079360378,59.71796338672764,0.0,1.3552527156068805e-20,8.470329472543003e-22,6.776263578034403e-21,1.6940658945086007e-21,9.134909684263905,8.432587830420808,4.45402417859799,0.03721629766680011,8.470329472543003e-22,3.879253477879539e-05,2.048990076690646e-05,1.7120657983187118e-07,1.5708300065998364e-21
376,0.0,5.711351079360378,59.71654462242558,0.0,1.3552527156068805e-20,8.470329472543003e-22,1.3552527156068805e-20,8.470329472543003e-22,9.169154569033092,8.467049801662712,4.472517262864268,0.03721326593611077,8.470329472543003e-22,3.705140448738787e-05,1.9571521375715963e-05,1.6284346977865786e-07,7.854150032999182e-22
377,0.0,5.711351079360378,59.71512585812352,0.0,1.3552527156068805e-20,0.0,0.0,0.0,9.203388832450244,8.501501170225032,4.49100752064862,0.03721023447524484,8.470329472543003e-22,3.538779119135676e-05,1.869397335801696e-05,1.5488888155461197e-07,0.0
378,0.0,5.711351079360378,59.71370709382146,0.0,6.776263578034403e-21,4.235164736271502e-22,1.3552527156068805e-20,8.470329472543003e-22,9.237612474193789,8.535941934574485,4.509494950099882,0.03720720328419069,8.470329472543003e-22,3.379827733898117e-05,1.7855458969835974e-05,1.4732285965008732e-07,7.854150032999182e-22
379,0.0,5.711351079360378,59.7122883295194,0.0,1.3552527156068805e-20,0.0,6.776263578034403e-21,1.6940658945086007e-21,9.27182549398954,8.570372093249704,4.527979549404292,0.03720417236290984,1.2705494208814505e-21,3.227959424663747e-05,1.705425867413694e-05,1.4012642334471675e-07,1.5708300065998364e-21
380,0.0,5.711351079360378,59.710869565217344,0.0,0.0,0.0,1.0164395367051604e-20,1.6940658945086007e-21,9.306027891609768,8.604791644859816,4.546461316784672,0.03720114171138664,4.235164736271502e-22,3.08286157122437e-05,1.6288727789205228e-05,1.332815190899657e-07,1.5708300065998364e-21
381,0.0,5.711351079360378,59.70945080091528,0.0,6.776263578034403e-21,0.0,3.3881317890172014e-21,0.0,9.34021966687238,8.63920058808284,4.5649402504997045,0.03719811132959962,8.470329472543003e-22,2.9442351896764573e-05,1.5557293278785867e-05,1.2677097521831692e-07,0.0
382,0.0,5.711351079360378,59.70803203661322,0.0,0.0,0.0,0.0,1.2705494208814505e-21,9.374400819639996,8.673598921664396,4.583416348843199,0.03719508121750498,1.2705494208814505e-21,2.811794346395218e-05,1.4858450676920256e-05,1.2057845886729443e-07,1.1781225049498773e-21
383,0.0,5.711351079360378,59.70661327231116,0.0,0.0,8.470329472543003e-22,6.776263578034403e-21,4.235164736271502e-22,9.408571349819038,8.707986644416215,4.601889610143363,0.037192051375079714,0.0,2.6852655966655817e-05,1.419076114186744e-05,1.1468843500193473e-07,3.927075016499591e-22
384,0.0,5.711351079360378,59.7051945080091,0.0,6.776263578034403e-21,4.235164736271502e-22,1.0164395367051604e-20,0.0,9.442731257358991,8.742363755214807,4.6203600327620675,0.03718902180230712,0.0,2.564387447001043e-05,1.3552848634962333e-05,1.090861274435821e-07,0.0
385,0.0,5.711351079360378,59.70377574370704,0.0,6.776263578034403e-21,4.235164736271502e-22,0.0,4.235164736271502e-22,9.476880542251513,8.776730253000123,4.638827615094254,0.03718599249916679,0.0,2.4489098402663576e-05,1.2943397217963963e-05,1.0375748180331643e-07,3.927075016499591e-22
386,0.0,5.711351079360378,59.70235697940498,0.0,6.776263578034403e-21,2.117582368135751e-22,6.776263578034403e-21,8.470329472543003e-22,9.511019204529646,8.811086136774275,4.6572923555671695,0.037182963465611625,0.0,2.3385936624882983e-05,1.236114846459267e-05,9.86891302199108e-08,7.854150032999182e-22
387,0.0,5.711351079360378,59.70093821510292,0.0,6.776263578034403e-21,4.235164736271502e-22,3.3881317890172014e-21,8.470329472543003e-22,9.54514724426705,8.84543140560019,4.6757542526397415,0.03717993470164639,4.235164736271502e-22,2.233210270544564e-05,1.1804898981993477e-05,9.386835782997617e-08,7.854150032999182e-22
388,0.0,5.711351079360378,59.699519450800864,0.0,0.0,0.0,1.0164395367051604e-20,0.0,9.5792646615772,8.879766058600524,4.694213304802009,0.03717690620722353,4.235164736271502e-22,2.1325410399898842e-05,1.127349803684089e-05,8.928307086364857e-08,0.0
389,0.0,5.711351079360378,59.698100686498805,0.0,1.3552527156068805e-20,2.117582368135751e-22,0.0,4.235164736271502e-22,9.613371456612686,8.914090094956277,4.712669510574358,0.03717387798232499,0.0,2.0363769319046935e-05,1.0765845281796123e-05,8.49217663115689e-08,3.927075016499591e-22
390,0.0,5.711351079360378,59.696681922196746,0.0,6.776263578034403e-21,2.117582368135751e-22,0.0,0.0,9.647467629564458,8.948403513905747,4.7311228685070885,0.03717085002689511,4.235164736271502e-22,1.9445180782897347e-05,1.0280888578816342e-05,8.077350306193262e-08,0.0
391,0.0,5.711351079360378,59.695263157894686,0.0,1.3552527156068805e-20,4.235164736271502e-22,3.3881317890172014e-21,4.235164736271502e-22,9.681553180661075,8.982706314743362,4.749573377179673,0.037167822340961235,0.0,1.8567733850466987e-05,9.817621914949079e-06,7.682787445669496e-08,3.927075016499591e-22
392,0.0,5.711351079360378,59.69384439359263,0.0,3.3881317890172014e-21,6.352747104407253e-22,3.3881317890172014e-21,0.0,9.715628110168065,9.016998496818477,4.768021035200297,0.03716479492445337,4.235164736271502e-22,1.7729601517609515e-05,9.37508340627625e-06,7.307498218260982e-08,0.0
393,0.0,5.711351079360378,59.69242562929057,0.0,0.0,2.117582368135751e-22,3.3881317890172014e-21,4.235164736271502e-22,9.749692418387186,9.05128005953435,4.786465841205217,0.037161767777353145,2.117582368135751e-22,1.6929037078382885e-05,8.952353387316822e-06,6.950541144009944e-08,3.927075016499591e-22
394,0.0,5.711351079360378,59.69100686498851,0.0,6.776263578034403e-21,2.117582368135751e-22,1.6940658945086007e-21,4.235164736271502e-22,9.783746105655787,9.085551002347097,4.804907793858238,0.037158740899657185,8.470329472543003e-22,1.6164370640416646e-05,8.548552581259621e-06,6.611020732599246e-08,3.927075016499591e-22
395,0.0,5.711351079360378,59.68958810068645,0.0,0.0,4.235164736271502e-22,1.6940658945086007e-21,2.117582368135751e-22,9.817789172346146,9.119811324764498,4.823346891850133,0.0371557142913317,2.117582368135751e-22,1.5434005789967398e-05,8.162840348911455e-06,6.288085236388272e-08,1.9635375082497955e-22
396,0.0,5.711351079360378,59.68816933638439,0.0,3.3881317890172014e-21,2.117582368135751e-22,1.6940658945086007e-21,2.117582368135751e-22,9.851821618864808,9.15406102634517,4.84178313389824,0.0371526879523317,4.235164736271502e-22,1.4736416398415966e-05,7.794413011488757e-06,5.980924514380272e-08,1.9635375082497955e-22
397,0.0,5.711351079360378,59.686750572082325,0.0,6.776263578034403e-21,2.117582368135751e-22,3.3881317890172014e-21,6.352747104407253e-22,9.885843445651988,9.18830010669745,4.860216518745768,0.03714966188266011,4.235164736271502e-22,1.407014356638051e-05,7.442502246130976e-06,5.6887679991215855e-08,5.890612524749386e-22
398,0.0,5.711351079360378,59.685331807780265,0.0,0.0,2.117582368135751e-22,1.6940658945086007e-21,0.0,9.919854653180936,9.222528565478468,4.878647045161469,0.03714663608225003,6.352747104407253e-22,1.3433792697686151e-05,7.1063735486303395e-06,5.410882763825828e-08,0.0
399,0.0,5.711351079360378,59.683913043478206,0.0,3.3881317890172014e-21,0.0,1.6940658945086007e-21,2.117582368135751e-22,9.953855241957344,9.256746402393137,4.897074711939013,0.0371436105511295,2.117582368135751e-22,1.2826030699721665e-05,6.78532476352636e-06,5.146571684284198e-08,1.9635375082497955e-22
400,0.0,5.711351079360378,59.68249427917615,0.0,0.0,0.0,3.3881317890172014e-21,0.0,9.987845212518728,9.290953617193319,4.9154995178966265,0.03714058528919836,6.352747104407253e-22,1.2245583303149945e-05,6.47868467581194e-06,4.895171688753063e-08,0.0
401,0.0,5.711351079360378,59.68107551487409,0.0,3.3881317890172014e-21,1.0587911840678754e-22,5.082197683525802e-21,4.235164736271502e-22,10.021824565433905,9.325150209676819,4.9339214618765235,0.037137560296502704,6.352747104407253e-22,1.1691232496698909e-05,6.185811663524784e-06,4.656052095905157e-08,3.927075016499591e-22
402,0.0,5.711351079360378,59.67965675057203,0.0,0.0,3.1763735522036263e-22,1.6940658945086007e-21,2.117582368135751e-22,10.055793301302383,9.359336179686528,4.9523405427444755,0.03713453557298716,2.117582368135751e-22,1.1161814072345642e-05,5.90609240865178e-06,4.4286130316809e-08,1.9635375082497955e-22
403,0.0,5.711351079360378,59.67823798626997,0.0,0.0,1.0587911840678754e-22,0.0,6.352747104407253e-22,10.08975142075386,9.393511527109608,4.970756759389433,0.03713151111863392,0.0,1.065621527632227e-05,5.638940662568747e-06,4.21228392471088e-08,5.890612524749386e-22
404,0.0,5.711351079360378,59.67681922196791,0.0,3.3881317890172014e-21,1.0587911840678754e-22,0.0,0.0,10.123698924447595,9.427676251876587,4.989170110723019,0.03712848693340391,2.117582368135751e-22,1.0173372560644438e-05,5.38379606480058e-06,4.006522074983598e-08,0.0
405,0.0,5.711351079360378,59.67540045766585,0.0,3.3881317890172014e-21,2.117582368135751e-22,1.6940658945086007e-21,2.117582368135751e-22,10.157635813071998,9.461830353960524,5.007580595679075,0.03712546301728398,4.235164736271502e-22,9.71226943163545e-06,5.14012301286885e-06,3.81081129238857e-08,1.9635375082497955e-22
406,0.0,5.711351079360378,59.67398169336379,0.0,1.6940658945086007e-21,1.0587911840678754e-22,3.3881317890172014e-21,2.117582368135751e-22,10.191562087343971,9.49597383337629,5.025988213213371,0.03712243937023099,4.235164736271502e-22,9.271934391616508e-06,4.9074095804480985e-06,3.624660601711484e-08,1.9635375082497955e-22
407,0.0,5.711351079360378,59.67256292906173,0.0,1.6940658945086007e-21,1.0587911840678754e-22,1.6940658945086007e-21,0.0,10.22547774800856,9.530106690179593,5.044392962303029,0.03711941599223792,1.0587911840678754e-22,8.851438968506452e-06,4.685166482498989e-06,3.447603011009951e-08,0.0
408,0.0,5.711351079360378,59.671144164759674,0.0,5.082197683525802e-21,0.0,3.3881317890172014e-21,0.0,10.259382795838295,9.564228924466436,5.062794841946278,0.037116392883258145,4.235164736271502e-22,8.449895832127646e-06,4.472926084404179e-06,3.2791943397055e-08,0.0
409,0.0,5.711351079360378,59.669725400457615,0.0,0.0,2.117582368135751e-22,8.470329472543003e-22,0.0,10.293277231632837,9.598340536372154,5.08119385116194,0.03711337004332224,1.0587911840678754e-22,8.0664569896069e-06,4.2702414548999564e-06,3.119012104942476e-08,0.0
410,0.0,5.711351079360378,59.668306636155556,0.0,3.3881317890172014e-21,0.0,8.470329472543003e-22,2.117582368135751e-22,10.327161056218428,9.632441526070792,5.099589988989139,0.0371103474723273,3.1763735522036263e-22,7.700312061162654e-06,4.076685458529736e-06,2.9666544609962283e-08,1.9635375082497955e-22
411,0.0,5.711351079360378,59.6668878718535,0.0,1.6940658945086007e-21,1.0587911840678754e-22,1.6940658945086007e-21,4.235164736271502e-22,10.36103427044745,9.666531893774371,5.117983254486894,0.037107325170283735,1.0587911840678754e-22,7.350686628312966e-06,3.891849888434319e-06,2.821739191903648e-08,3.927075016499591e-22
412,0.0,5.711351079360378,59.66546910755144,0.0,3.3881317890172014e-21,0.0,1.6940658945086007e-21,3.1763735522036263e-22,10.39489687519796,9.70061163973211,5.136373646733737,0.03710430313715608,0.0,7.016840655686766e-06,3.715344636563127e-06,2.6839027519290084e-08,2.945306262374693e-22
413,0.0,5.711351079360378,59.66405034324937,0.0,1.6940658945086007e-21,1.0587911840678754e-22,0.0,2.117582368135751e-22,10.428748871373244,9.734680764229816,5.154761164827377,0.037101281372928965,0.0,6.698066979584766e-06,3.546796898804393e-06,2.5527993540359034e-08,1.9635375082497955e-22
414,0.0,5.711351079360378,59.66263157894731,0.0,0.0,5.293955920339377e-23,0.0,1.0587911840678754e-22,10.462590259901381,9.76873926758919,5.173145807884388,0.03709825987757749,0.0,6.393689863241116e-06,3.385850416008327e-06,2.4281001019434616e-08,9.817687541248978e-23
415,0.0,5.711351079360378,59.66121281464525,0.0,0.0,0.0,0.0,1.0587911840678754e-22,10.496421041734793,9.802787150167081,5.191527575039745,0.03709523865106643,0.0,6.10306361409389e-06,3.2321647465987684e-06,2.309492165857075e-08,9.817687541248978e-23
416,0.0,5.711351079360378,59.659794050343194,0.0,0.0,5.293955920339377e-23,8.470329472543003e-22,1.0587911840678754e-22,10.53024121784987,9.836824412355009,5.209906465446639,0.037092217693375264,2.117582368135751e-22,5.825571261587249e-06,3.08541457160762e-06,2.1966779964960236e-08,9.817687541248978e-23
417,0.0,5.711351079360378,59.658375286041135,0.0,8.470329472543003e-22,2.6469779601696886e-22,8.470329472543003e-22,2.117582368135751e-22,10.564050789246506,9.870851054578274,5.228282478276076,0.03708919700446034,1.0587911840678754e-22,5.560623291492748e-06,2.9452890295558843e-06,2.089374579614873e-08,1.9635375082497955e-22
418,0.0,5.711351079360378,59.656956521739076,0.0,2.541098841762901e-21,0.0,0.0,0.0,10.59784975694773,9.90486707729565,5.246655612716547,0.037086176584343454,0.0,5.307656437602375e-06,2.811491080221099e-06,1.987312725724532e-08,0.0
419,0.0,5.711351079360378,59.65553775743702,0.0,2.541098841762901e-21,0.0,0.0,1.0587911840678754e-22,10.63163812199927,9.938872480998493,5.265025867973712,0.03708315643296101,0.0,5.0661325226133015e-06,2.683736895997324e-06,1.8902363945998185e-08,9.817687541248978e-23
420,0.0,5.711351079360378,59.65411899313496,0.0,1.6940658945086007e-21,1.0587911840678754e-22,0.0,1.0587911840678754e-22,10.665415885469233,9.972867266210315,5.283393243270163,0.03708013655028297,2.117582368135751e-22,4.835537352216064e-06,2.561755279868184e-06,1.7979020529022753e-08,9.817687541248978e-23
421,0.0,5.711351079360378,59.6527002288329,0.0,0.0,1.5881867761018131e-22,8.470329472543003e-22,0.0,10.699183048447637,10.006851433486162,5.301757737845051,0.03707711693630206,1.0587911840678754e-22,4.61537965711023e-06,2.445287108816669e-06,1.7100780638940267e-08,0.0
422,0.0,5.711351079360378,59.65128146453084,0.0,8.470329472543003e-22,5.293955920339377e-23,1.2705494208814505e-21,0.0,10.732939612046122,10.040824983412007,5.320119350953787,0.03707409759096281,0.0,4.405190079500173e-06,2.3340848013044385e-06,1.6265441054776663e-08,0.0
423,0.0,5.711351079360378,59.64986270022878,0.0,8.470329472543003e-22,5.293955920339377e-23,1.6940658945086007e-21,5.293955920339377e-23,10.766685577397533,10.074787916604244,5.338478081867856,0.03707107851429692,1.0587911840678754e-22,4.204520205294825e-06,2.2279118078401415e-06,1.547090618010217e-08,4.908843770624489e-23
424,0.0,5.711351079360378,59.64844393592672,0.0,0.0,5.293955920339377e-23,4.235164736271502e-22,1.5881867761018131e-22,10.800420945655542,10.10874023370915,5.356833929874394,0.03706805970620198,1.0587911840678754e-22,4.01294163868708e-06,2.1265421240658418e-06,1.4715182784076538e-08,1.4726531311873466e-22
425,0.0,5.711351079360378,59.64702517162466,0.0,8.470329472543003e-22,0.0,0.0,2.117582368135751e-22,10.83414571799436,10.142681935402225,5.3751868942760055,0.03706504116671579,5.293955920339377e-23,3.830045115607077e-06,2.0297598249106574e-06,1.399637500084747e-08,1.9635375082497955e-22
426,0.0,5.711351079360378,59.6456064073226,0.0,8.470329472543003e-22,0.0,4.235164736271502e-22,0.0,10.867859895608373,10.176613022387857,5.393536974390491,0.03706202289579696,1.0587911840678754e-22,3.6554396585087155e-06,1.9373586194255093e-06,1.331267957333525e-08,0.0
427,0.0,5.711351079360378,59.644187643020544,0.0,0.0,2.6469779601696886e-23,4.235164736271502e-22,1.5881867761018131e-22,10.901563479711749,10.210533495398714,5.41188416955055,0.03705900489339394,0.0,3.488751765288618e-06,1.8491414242242314e-06,1.266238133389172e-08,1.4726531311873466e-22
428,0.0,5.711351079360378,59.642768878718485,0.0,8.470329472543003e-22,2.6469779601696886e-23,4.235164736271502e-22,1.0587911840678754e-22,10.935256471538171,10.244443355195203,5.430228479103517,0.037055987159499475,1.0587911840678754e-22,3.329624635996951e-06,1.764919956693064e-06,1.2043848892099322e-08,9.817687541248978e-23
429,0.0,5.711351079360378,59.64135011441642,0.0,8.470329472543003e-22,7.940933880509066e-23,1.2705494208814505e-21,5.293955920339377e-23,10.968938872340477,10.278342602565019,5.448569902411158,0.03705296969410805,5.293955920339377e-23,3.1777174321068195e-06,1.6845143452227447e-06,1.1455530552394271e-08,4.908843770624489e-23
430,0.0,5.711351079360378,59.63993135011436,0.0,8.470329472543003e-22,5.293955920339377e-23,8.470329472543003e-22,0.0,11.002610683390387,10.3122312383227,5.466908438849353,0.037049952497153975,5.293955920339377e-23,3.0327045690943274e-06,1.6077527566531012e-06,1.0895950412598789e-08,0.0
431,0.0,5.711351079360378,59.6385125858123,0.0,8.470329472543003e-22,2.6469779601696886e-23,4.235164736271502e-22,5.293955920339377e-23,11.036271905978099,10.34610926330912,5.485244087807947,0.03704693556863949,0.0,2.8942750388843615e-06,1.5344710404041006e-06,1.0363704669998294e-08,4.908843770624489e-23
432,0.0,5.711351079360378,59.63709382151024,0.0,4.235164736271502e-22,5.293955920339377e-23,0.0,5.293955920339377e-23,11.069922541412097,10.379976678391053,5.5035768486904,0.03704391890851406,1.0587911840678754e-22,2.76213176394086e-06,1.4645123876207784e-06,9.857458089065267e-09,4.908843770624489e-23
433,0.0,5.711351079360378,59.63567505720818,0.0,4.235164736271502e-22,0.0,8.470329472543003e-22,5.293955920339377e-23,11.103562591018752,10.413833484460614,5.521906720913646,0.03704090251677941,5.293955920339377e-23,2.6359909775734075e-06,1.397727005896143e-06,9.375940664796505e-09,4.908843770624489e-23
434,0.0,5.711351079360378,59.63425629290612,0.0,1.2705494208814505e-21,7.940933880509066e-23,0.0,5.293955920339377e-23,11.137192056142093,10.44767968243499,5.540233703907808,0.03703788639340192,0.0,2.515581633636588e-06,1.3339718076684254e-06,8.917944423598086e-09,4.908843770624489e-23
435,0.0,5.711351079360378,59.632837528604064,0.0,4.235164736271502e-22,2.6469779601696886e-23,4.235164736271502e-22,5.293955920339377e-23,11.170810938143468,10.481515273255873,5.5585577971160225,0.03703487053833314,7.940933880509066e-23,2.4006448397620015e-06,1.273110112772095e-06,8.482320401847801e-09,4.908843770624489e-23
436,0.0,5.711351079360378,59.631418764302005,0.0,4.235164736271502e-22,2.6469779601696886e-23,1.0587911840678754e-21,0.0,11.204419238401307,10.51534025788911,5.576878999994165,0.03703185495156963,7.940933880509066e-23,2.2909333175524523e-06,1.2150113639526637e-06,8.067975761610343e-09,0.0
437,0.0,5.711351079360378,59.629999999999946,0.0,4.235164736271502e-22,5.293955920339377e-23,6.352747104407253e-22,2.6469779601696886e-23,11.238016958310807,10.549154637324204,5.595197312010669,0.037028839633096534,2.6469779601696886e-23,2.186210886335746e-06,1.1595508545390883e-06,7.673871044104241e-09,2.4544218853122444e-23
