,t,temp,depth,so2_emitted,so2_pool,so2_oxidised,so4_pool,so4_removed,d34S_so2_pool,d34S_so4_pool,d33S_so4_pool,D33S_so4_pool,f_volc,d34S_so4_tot,d33S_so4_tot,D33S_so4_tot,so4_norm
0,0.0,5.829194128004539,60.24999999999997,4.440892098500626e-16,2.220446049250313e-16,2.0816681711721685e-17,6.938893903907228e-18,8.673617379884035e-19,0.024655979424584605,0.48089432774666435,0.24096821432835586,0.04940716609917264,1.734723475976807e-18,0.0028036185145466634,0.0014048469863927131,0.00028804424929690115,8.0426496337911625e-19
1,0.0,5.829194128004539,60.248741418764276,4.440892098500626e-16,8.881784197001252e-16,1.3877787807814457e-17,0.0,6.938893903907228e-18,0.03666192903912279,0.4686032770035613,0.2348381988438142,0.04939981963164877,0.0,0.007741631429911308,0.003879680041373701,0.0008161172041684533,6.43411970703293e-18
2,0.0,5.829194128004539,60.24748283752857,4.440892098500626e-16,0.0,0.0,0.0,6.938893903907228e-18,0.0484538352049915,0.45653129928060965,0.22882263401869685,0.04939260044813661,6.938893903907228e-18,0.014257618881804608,0.007146204241659147,0.0015425467517352638,6.43411970703293e-18
3,0.0,5.829194128004539,60.24622425629288,4.440892098500626e-16,8.881784197001252e-16,5.551115123125783e-17,1.1102230246251565e-16,2.0816681711721685e-17,0.06003230928624126,0.44467777080219245,0.22292146459546533,0.0493855083332678,0.0,0.021891261604368564,0.010974310881078702,0.0024312235811517644,1.930235912109879e-17
4,0.0,5.829194128004539,60.24496567505718,4.440892098500626e-16,0.0,0.0,1.1102230246251565e-16,0.0,0.07139806092234408,0.4330419671623271,0.2171345887933089,0.04937854300939306,1.3877787807814457e-17,0.030263967842264934,0.015174866897417408,0.003450914117000559,0.0
5,0.0,5.829194128004539,60.243707093821484,4.440892098500626e-16,1.7763568394002505e-15,5.551115123125783e-17,2.220446049250313e-16,2.7755575615628914e-17,0.08255189712027185,0.42162306425251206,0.21146185887972122,0.049371704137080294,1.3877787807814457e-17,0.039066515521405096,0.019593515375530342,0.004574655917861057,2.573647882813172e-17
6,0.0,5.829194128004539,60.24244851258578,4.440892098500626e-16,0.0,1.1102230246251565e-16,1.1102230246251565e-16,5.551115123125783e-17,0.09349472117574036,0.4104201393645931,0.20590308182538614,0.04936499131547654,1.3877787807814457e-17,0.04804843627036295,0.024105349996408832,0.005779225753592052,5.147295765626344e-17
7,0.0,5.829194128004539,60.241189931350085,4.440892098500626e-16,0.0,5.551115123125783e-17,0.0,0.0,0.10422753142726755,0.3994321724647627,0.20045802003722563,0.04935840408327948,2.7755575615628914e-17,0.05700890428064758,0.028610344545039027,0.007044671731036982,0.0
8,0.0,5.829194128004539,60.23993135011439,4.440892098500626e-16,1.7763568394002505e-15,2.7755575615628914e-16,2.220446049250313e-16,2.7755575615628914e-17,0.11475141984682766,0.3886580476349244,0.1951263921648098,0.049351941919209295,5.551115123125783e-17,0.06578892460544705,0.03302943443672579,0.008353901857462811,2.573647882813172e-17
9,0.0,5.829194128004539,60.238672768878686,4.440892098500626e-16,1.7763568394002505e-15,5.551115123125783e-17,6.661338147750939e-16,2.7755575615628914e-17,0.12506757047179698,0.37809655467661346,0.18990787397449752,0.04934560424300952,5.551115123125783e-17,0.07426464294616907,0.03730116098371968,0.00969232233074548,2.573647882813172e-17
10,0.0,5.829194128004539,60.23741418764299,4.440892098500626e-16,1.7763568394002505e-15,5.551115123125783e-17,2.220446049250313e-16,5.551115123125783e-17,0.13517725768327488,0.3677463908722596,0.1848020992843088,0.04933939041640052,2.7755575615628914e-17,0.08234162280680232,0.04137880107288261,0.011047519638597944,5.147295765626344e-17
11,0.0,5.829194128004539,60.236155606407294,4.440892098500626e-16,0.0,1.1102230246251565e-16,4.440892098500626e-16,0.0,0.14508184433632051,0.35760616289794306,0.17980866095285272,0.04933329974410665,5.551115123125783e-17,0.0899499565801774,0.045227915297602804,0.012408981249033151,0.0
12,0.0,5.829194128004539,60.2348970251716,4.440892098500626e-16,0.0,1.1102230246251565e-16,8.881784197001252e-16,5.551115123125783e-17,0.15478277974806476,0.34767438888201246,0.17492711191401603,0.04932733147507051,0.0,0.09704009507908677,0.04882425658856,0.013767850291563778,5.147295765626344e-17
13,0.0,5.829194128004539,60.233638443935895,4.440892098500626e-16,0.0,1.1102230246251565e-16,4.440892098500626e-16,1.1102230246251565e-16,0.16428159755040664,0.3379495006020963,0.1701569662482638,0.04932148480363108,0.0,0.10357929559620786,0.05215198919774213,0.01511671017302131,1.0294591531252688e-16
14,0.0,5.829194128004539,60.2323798627002,4.440892098500626e-16,3.552713678800501e-15,0.0,4.440892098500626e-16,1.1102230246251565e-16,0.17357991341380163,0.32842984581436707,0.16549770028168428,0.049315758870856166,0.0,0.10954860208254225,0.055202174664666176,0.016449395552180047,1.0294591531252688e-16
15,0.0,5.829194128004539,60.2311212814645,4.440892098500626e-16,5.329070518200751e-15,0.0,1.3322676295501878e-15,1.1102230246251565e-16,0.18267942264965126,0.319113690706979,0.16094875370147121,0.04931015276607047,1.1102230246251565e-16,0.11494028274418201,0.05797148726770761,0.017760826520900483,1.0294591531252688e-16
16,0.0,5.829194128004539,60.2298627002288,4.440892098500626e-16,3.552713678800501e-15,0.0,1.3322676295501878e-15,1.6653345369377348e-16,0.19158189769876743,0.3099992224704696,0.15650953067706094,0.049304665528064937,1.6653345369377348e-16,0.11975566050890576,0.06046112655639231,0.01904686321284743,1.5441887296879031e-16
17,0.0,5.829194128004539,60.228604118993104,4.440892098500626e-16,7.105427357601002e-15,1.1102230246251565e-16,1.3322676295501878e-15,2.220446049250313e-16,0.20028918551363237,0.30108455197661993,0.1521794009747479,0.04929929614700132,1.1102230246251565e-16,0.12400328061116805,0.06267589897397491,0.02030417839080762,2.0589183062505376e-16
18,0.0,5.829194128004539,60.22734553775741,4.440892098500626e-16,1.7763568394002505e-15,2.220446049250313e-16,1.3322676295501878e-15,0.0,0.20880320484264164,0.29236771655791166,0.147957701052428,0.0492940435657914,1.6653345369377348e-16,0.127697367166051,0.06462344440342564,0.021530145853409673,0.0
19,0.0,5.829194128004539,60.22608695652171,4.440892098500626e-16,0.0,0.0,4.440892098500626e-16,0.0,0.21712594342459915,0.2838466828790664,0.14384373512122192,0.049288906681823466,5.551115123125783e-17,0.130856527203793,0.06631358678235783,0.02272274275899567,0.0
20,0.0,5.829194128004539,60.22482837528601,4.440892098500626e-16,1.7763568394002505e-15,1.1102230246251565e-16,1.7763568394002505e-15,1.1102230246251565e-16,0.22525945510189663,0.27551934989166776,0.1398367761590488,0.04928388434879208,2.220446049250313e-16,0.13350266635178482,0.06775779079985143,0.023880464189987956,1.0294591531252688e-16
21,0.0,5.829194128004539,60.22356979405031,4.440892098500626e-16,3.552713678800501e-15,0.0,8.881784197001252e-16,1.1102230246251565e-16,0.23320585686088824,0.267383551863456,0.13593606686136597,0.04927897537838346,2.220446049250313e-16,0.13566008529812532,0.06896870917071907,0.025002248480301532,1.0294591531252688e-16
22,0.0,5.829194128004539,60.22231121281462,4.440892098500626e-16,1.7763568394002505e-15,1.1102230246251565e-16,0.0,1.1102230246251565e-16,0.24096732580814473,0.2594370614734667,0.1321408205126926,0.04927417854216549,0.0,0.13735473045095067,0.06995980713011822,0.026087412004330554,1.0294591531252688e-16
23,0.0,5.829194128004539,60.221052631578914,4.440892098500626e-16,0.0,2.220446049250313e-16,8.881784197001252e-16,0.0,0.24854609609143788,0.2516775929637104,0.1284502217631996,0.049269492573418734,1.1102230246251565e-16,0.1386135759095457,0.07074505264971503,0.027135592280696664,0.0
24,0.0,5.829194128004539,60.21979405034322,4.440892098500626e-16,0.0,2.220446049250313e-16,1.7763568394002505e-15,2.220446049250313e-16,0.25594445577388675,0.2441028053388029,0.12486342729365596,0.049264916169143164,0.0,0.1394641170643063,0.07133866248265024,0.028146698380792607,2.0589183062505376e-16
25,0.0,5.829194128004539,60.21853546910752,4.440892098500626e-16,7.105427357601002e-15,5.551115123125783e-16,8.881784197001252e-16,0.0,0.2631647436701508,0.23671030560477058,0.12137956635171857,0.04926044799183376,1.1102230246251565e-16,0.13993395890871088,0.0717548955328467,0.029120867752261612,0.0
26,0.0,5.829194128004539,60.217276887871826,4.440892098500626e-16,0.0,1.1102230246251565e-16,8.881784197001252e-16,1.1102230246251565e-16,0.2702093461531717,0.22949765203780695,0.11799774114359726,0.04925608667164086,1.1102230246251565e-16,0.14005048453574978,0.07200788624435416,0.030058428674301963,1.0294591531252688e-16
27,0.0,5.829194128004539,60.21601830663612,4.440892098500626e-16,3.552713678800501e-15,0.0,1.7763568394002505e-15,2.220446049250313e-16,0.2770806939400837,0.2224623574746889,0.11471702706449921,0.049251830808176404,0.0,0.1398405913550674,0.07211151174202614,0.030959867654548008,2.0589183062505376e-16
28,0.0,5.829194128004539,60.21475972540043,4.440892098500626e-16,0.0,2.220446049250313e-16,2.6645352591003757e-15,2.220446049250313e-16,0.28378125886535915,0.21560189261595056,0.11153647275330837,0.049247678972572075,1.1102230246251565e-16,0.13933048434745496,0.07207928735026078,0.03182580116056366,2.0589183062505376e-16
29,0.0,5.829194128004539,60.21350114416473,4.440892098500626e-16,0.0,2.220446049250313e-16,2.6645352591003757e-15,2.220446049250313e-16,0.290313550649923,0.2089136893337938,0.1084550999571358,0.04924362970948601,1.1102230246251565e-16,0.13854551720992023,0.07192428588826026,0.03265695115121846,2.0589183062505376e-16
30,0.0,5.829194128004539,60.21224256292903,4.440892098500626e-16,7.105427357601002e-15,3.3306690738754696e-16,0.0,0.0,0.2966801136735597,0.20239514397614897,0.10547190319365234,0.04923968153920481,2.220446049250313e-16,0.13751007356851333,0.07165907680709661,0.03345412393759869,0.0
31,0.0,5.829194128004539,60.21098398169333,4.440892098500626e-16,0.0,0.0,2.6645352591003757e-15,2.220446049250313e-16,0.3028835237589307,0.19604362065929812,0.10258584920226765,0.04923583295936228,3.3306690738754696e-16,0.1362474815777839,0.07129568180960012,0.03421819195920565,2.0589183062505376e-16
32,0.0,5.829194128004539,60.209725400457636,4.440892098500626e-16,3.552713678800501e-15,1.1102230246251565e-16,1.7763568394002505e-15,0.0,0.30892638497437813,0.18985645454103836,0.0997958761766467,0.04923208244721126,1.1102230246251565e-16,0.13477995620804403,0.07084554408933437,0.034950078111943554,0.0
33,0.0,5.829194128004539,60.20846681922194,4.440892098500626e-16,3.552713678800501e-15,0.0,1.7763568394002505e-15,3.3306690738754696e-16,0.3148113264629452,0.1838309550674813,0.09710089277666625,0.049228428461591645,2.220446049250313e-16,0.13312856436790255,0.07031950875440954,0.03565074230710455,3.0883774593758063e-16
34,0.0,5.829194128004539,60.20720823798624,4.440892098500626e-16,0.0,4.440892098500626e-16,1.7763568394002505e-15,1.1102230246251565e-16,0.32054099930442653,0.17796440918556233,0.09449977692074907,0.049224869444565486,1.1102230246251565e-16,0.13131320873591268,0.06972781237035233,0.036321169979736986,1.0294591531252688e-16
35,0.0,5.829194128004539,60.20594965675054,4.440892098500626e-16,3.552713678800501e-15,4.440892098500626e-16,1.7763568394002505e-15,1.1102230246251565e-16,0.326118073417067,0.17225408451540558,0.09199137436637579,0.049221403823867735,1.1102230246251565e-16,0.12935262680138104,0.06908007987639746,0.036962362299742195,1.0294591531252688e-16
36,0.0,5.829194128004539,60.204691075514845,4.440892098500626e-16,3.552713678800501e-15,4.440892098500626e-16,2.6645352591003757e-15,0.0,0.3315452345052739,0.16669723247555004,0.08957449709134027,0.049218030014369946,1.1102230246251565e-16,0.1272644021499692,0.06838532740419424,0.03757532786692632,0.0
37,0.0,5.829194128004539,60.20343249427914,4.440892098500626e-16,3.552713678800501e-15,0.0,0.0,3.3306690738754696e-16,0.3368251810591648,0.1612910913550004,0.08724792149573694,0.04921474642026726,2.220446049250313e-16,0.12506498549047032,0.0676519697663993,0.03816107570021152,3.0883774593758063e-16
38,0.0,5.829194128004539,60.202173913043445,4.440892098500626e-16,3.552713678800501e-15,0.0,1.7763568394002505e-15,2.220446049250313e-16,0.3419606214116569,0.15603288932672224,0.08501038645228648,0.04921155143678329,2.220446049250313e-16,0.1227697233139083,0.06688783158851776,0.03872060935237292,2.0589183062505376e-16
39,0.0,5.829194128004539,60.20091533180775,4.440892098500626e-16,0.0,0.0,1.7763568394002505e-15,0.0,0.3469542708581393,0.1509198473967235,0.0828605912399825,0.04920844345202533,2.220446049250313e-16,0.12039289241322296,0.06610016123477631,0.03925492200352218,0.0
40,0.0,5.829194128004539,60.19965675057205,4.440892098500626e-16,3.552713678800501e-15,2.220446049250313e-16,8.881784197001252e-16,0.0,0.3518088488435799,0.14594918228455098,0.08079719340465033,0.04920542084883273,0.0,0.11794773878166843,0.06529564683277021,0.0397649924040343,0.0
41,0.0,5.829194128004539,60.19839816933635,4.440892098500626e-16,3.552713678800501e-15,2.220446049250313e-16,1.7763568394002505e-15,0.0,0.3565270762216974,0.14111810922976895,0.078818806597896,0.04920248200642655,1.1102230246251565e-16,0.1154465196534712,0.06448043383398473,0.04025178155346368,0.0
42,0.0,5.829194128004539,60.197139588100654,4.440892098500626e-16,3.552713678800501e-15,0.0,8.881784197001252e-16,1.1102230246251565e-16,0.3611116725899227,0.1364238447209241,0.07692399845447344,0.049199625302164804,0.0,0.11290054766192967,0.06366014366199323,0.04071623001638064,1.0294591531252688e-16
43,0.0,5.829194128004539,60.19588100686496,4.440892098500626e-16,3.552713678800501e-15,0.0,2.6645352591003757e-15,2.220446049250313e-16,0.3655653537041158,0.13186360914296658,0.0751112885744107,0.049196849113124996,1.1102230246251565e-16,0.11032023626862483,0.06283989309731271,0.04115925578790611,2.0589183062505376e-16
44,0.0,5.829194128004539,60.194622425629255,4.440892098500626e-16,0.0,0.0,2.6645352591003757e-15,2.220446049250313e-16,0.3698908289761405,0.12743462933993902,0.07337914668404251,0.04919415181786992,1.1102230246251565e-16,0.10771514577013676,0.06202431413266331,0.04158175263306835,2.0589183062505376e-16
45,0.0,5.829194128004539,60.19336384439356,4.440892098500626e-16,0.0,0.0,1.7763568394002505e-15,1.1102230246251565e-16,0.37409079905720244,0.12313414108966111,0.07172599105212862,0.04919153179778032,0.0,0.10509402931758348,0.061217574100559995,0.04198458883282728,1.0294591531252688e-16
46,0.0,5.829194128004539,60.19210526315786,4.440892098500626e-16,7.105427357601002e-15,0.0,0.0,3.3306690738754696e-16,0.37816795350960025,0.11895939148821755,0.07015018724325098,0.04918898743866729,1.1102230246251565e-16,0.1024648784943856,0.06042339593633551,0.042368606279094057,3.0883774593758063e-16
47,0.0,5.829194128004539,60.19084668192217,4.440892098500626e-16,7.105427357601002e-15,2.220446049250313e-16,1.7763568394002505e-15,1.1102230246251565e-16,0.3821249685688142,0.11490764124175233,0.06865004728799586,0.04918651713221806,3.3306690738754696e-16,0.09983496808962626,0.05964507848463325,0.04273461986747818,1.0294591531252688e-16
48,0.0,5.829194128004539,60.189588100686464,4.440892098500626e-16,0.0,2.220446049250313e-16,8.881784197001252e-16,0.0,0.38596450499804386,0.11097616686365444,0.06722382934825866,0.04918411927734889,0.0,0.09721089978252088,0.05888551679568857,0.043083417143395746,0.0
49,0.0,5.829194128004539,60.18832951945077,4.440892098500626e-16,7.105427357601002e-15,2.220446049250313e-16,8.881784197001252e-16,2.220446049250313e-16,0.3896892060362663,0.10716226277632819,0.06586973795093459,0.04918179228153945,1.1102230246251565e-16,0.09459864451968826,0.0581472223858447,0.04341575816286542,2.0589183062505376e-16
50,0.0,5.829194128004539,60.18707093821507,4.440892098500626e-16,3.552713678800501e-15,0.0,2.6645352591003757e-15,1.1102230246251565e-16,0.39330169544107163,0.1034632433153787,0.06458592485296125,0.04917953456215849,2.220446049250313e-16,0.09200358342029563,0.05743234345431669,0.04373237553426197,1.0294591531252688e-16
51,0.0,5.829194128004539,60.18581235697937,4.440892098500626e-16,0.0,0.0,1.7763568394002505e-15,0.0,0.39680457562724175,0.09987644463653864,0.06337049059039457,0.04917734454757597,2.220446049250313e-16,0.08943054709179488,0.05674268506050852,0.04403397461149188,0.0
52,0.0,5.829194128004539,60.18455377574367,4.440892098500626e-16,0.0,2.220446049250313e-16,8.881784197001252e-16,0.0,0.40020042590099014,0.09639922652382746,0.062221486748069814,0.04917522067840947,3.3306690738754696e-16,0.08688385327508391,0.05607972926878871,0.044321233813393125,0.0
53,0.0,5.829194128004539,60.18329519450798,4.440892098500626e-16,3.552713678800501e-15,4.440892098500626e-16,1.7763568394002505e-15,2.220446049250313e-16,0.40349180079062313,0.09302897409977662,0.06113691897041698,0.04917316140851298,2.220446049250313e-16,0.08436734277111191,0.05544465526637736,0.04459480504688473,2.0589183062505376e-16
54,0.0,5.829194128004539,60.18203661327228,4.440892098500626e-16,3.552713678800501e-15,2.220446049250313e-16,0.0,0.0,0.4066812284729148,0.08976309943716637,0.06011475071354244,0.04917116520619569,1.1102230246251565e-16,0.08188441362523205,0.05483835945138141,0.044855314215137686,0.0
55,0.0,5.829194128004539,60.18077803203658,4.440892098500626e-16,7.105427357601002e-15,0.0,8.881784197001252e-16,2.220446049250313e-16,0.40977120929519184,0.08659904307300462,0.059152907718558065,0.049169230554982055,1.1102230246251565e-16,0.07943805356749455,0.054261475476796446,0.0451033617935755,2.0589183062505376e-16
56,0.0,5.829194128004539,60.17951945080088,4.440892098500626e-16,3.552713678800501e-15,0.0,2.6645352591003757e-15,2.220446049250313e-16,0.41276421439215943,0.08353427542547062,0.05824928316597655,0.04916735595461444,0.0,0.07703087072379142,0.053714394222706366,0.04533952346003969,2.0589183062505376e-16
57,0.0,5.829194128004539,60.178260869565186,4.440892098500626e-16,7.105427357601002e-15,2.220446049250313e-16,8.881784197001252e-16,0.0,0.41566268439660287,0.08056629811472424,0.057401743450400264,0.049165539922066064,1.1102230246251565e-16,0.07466512262624213,0.053197283653038246,0.04556435076660877,0.0
58,0.0,5.829194128004539,60.17700228832948,4.440892098500626e-16,3.552713678800501e-15,2.220446049250313e-16,1.7763568394002505e-15,4.440892098500626e-16,0.41846902824293436,0.0776926451886822,0.05660813449541937,0.049163780992071436,2.220446049250313e-16,0.0723427435618357,0.052710108497021416,0.045778371842046445,4.117836612501075e-16
59,0.0,5.829194128004539,60.17574370709379,4.440892098500626e-16,7.105427357601002e-15,4.440892098500626e-16,2.6645352591003757e-15,2.220446049250313e-16,0.42118562206209387,0.0749108842552879,0.055866288514459184,0.04916207771804042,3.3306690738754696e-16,0.0700653703067742,0.05225264968293792,0.04598209211663077,2.0589183062505376e-16
60,0.0,5.829194128004539,60.17448512585809,4.440892098500626e-16,3.552713678800501e-15,2.220446049250313e-16,3.552713678800501e-15,2.220446049250313e-16,0.4238148081661306,0.07221861752298457,0.05517403110819732,0.049160428672733035,0.0,0.06783436630016083,0.05182452343758533,0.04617599506107643,2.0589183062505376e-16
61,0.0,5.829194128004539,60.173226544622395,4.440892098500626e-16,7.105427357601002e-15,4.440892098500626e-16,2.6645352591003757e-15,2.220446049250313e-16,0.42658697342296564,0.06937996542072751,0.054472619407165905,0.049158691116370716,2.220446049250313e-16,0.06542612530546993,0.051368322273416284,0.04635722524980808,2.0589183062505376e-16
62,0.0,5.829194128004539,60.17196796338669,2.220446049250313e-16,0.0,2.220446049250313e-16,8.881784197001252e-16,0.0,0.4294832975217032,0.066414195384063,0.05377225693327214,0.04915687662116011,1.1102230246251565e-16,0.06285643829437103,0.050891718710580736,0.04652358075278896,0.0
63,0.0,5.829194128004539,60.170709382150996,2.220446049250313e-16,3.552713678800501e-15,0.0,1.7763568394002505e-15,2.220446049250313e-16,0.4324871473512782,0.06333833575028826,0.05308232912955409,0.04915499541759344,1.1102230246251565e-16,0.060140562726729435,0.05040235280704098,0.04667329904118017,2.0589183062505376e-16
64,0.0,5.829194128004539,60.1694508009153,2.220446049250313e-16,3.552713678800501e-15,4.440892098500626e-16,0.0,2.220446049250313e-16,0.4355838075996982,0.06016745154766478,0.05241145988616488,0.04915305655965724,1.1102230246251565e-16,0.0572932297451327,0.04990774472402256,0.04680499655061828,2.0589183062505376e-16
65,0.0,5.829194128004539,60.1681922196796,2.220446049250313e-16,0.0,4.440892098500626e-16,3.552713678800501e-15,0.0,0.4387602504322504,0.05691488027997675,0.05176755594735656,0.049151068065970534,1.1102230246251565e-16,0.05432863596578762,0.04941520895884117,0.04691761576497958,0.0
66,0.0,5.829194128004539,60.1669336384439,2.220446049250313e-16,0.0,2.220446049250313e-16,1.7763568394002505e-15,2.220446049250313e-16,0.4420049377945441,0.05359243431223902,0.05115784007316455,0.04914903704097085,3.3306690738754696e-16,0.05126042738425688,0.048931771431158906,0.04701037891965053,2.0589183062505376e-16
67,0.0,5.829194128004539,60.165675057208205,2.220446049250313e-16,3.552713678800501e-15,4.440892098500626e-16,1.7763568394002505e-15,2.220446049250313e-16,0.44530765108127535,0.05021057524263825,0.05058887420726006,0.04914696977910979,1.1102230246251565e-16,0.04810168049129397,0.04846409051823538,0.04708274752890097,2.0589183062505376e-16
68,0.0,5.829194128004539,60.16441647597251,2.220446049250313e-16,7.105427357601002e-15,4.440892098500626e-16,1.7763568394002505e-15,2.220446049250313e-16,0.4486593438621303,0.04677856467114429,0.05006657422524256,0.049144871855148646,0.0,0.044864883943806354,0.04801838316054787,0.0471343870363465,2.0589183062505376e-16
69,0.0,5.829194128004539,60.163157894736806,2.220446049250313e-16,3.552713678800501e-15,4.440892098500626e-16,0.0,2.220446049250313e-16,0.45205201411885176,0.04330459499520654,0.04959621811715947,0.049142748202515664,1.1102230246251565e-16,0.04156192288319039,0.04760035725796402,0.04716513596968368,2.0589183062505376e-16
70,0.0,5.829194128004539,60.16189931350111,2.220446049250313e-16,7.105427357601002e-15,2.220446049250313e-16,1.7763568394002505e-15,4.440892098500626e-16,0.4554785930613071,0.03979590323489675,0.0491824496866555,0.04914060318130152,0.0,0.03820406710550087,0.04721515169918928,0.047174979054049465,4.117836612501075e-16
71,0.0,5.829194128004539,60.16064073226541,2.220446049250313e-16,3.552713678800501e-15,4.440892098500626e-16,0.0,0.0,0.4589328480877861,0.036258870381404094,0.04882928000584449,0.049138440637561565,1.1102230246251565e-16,0.034801963667621144,0.04686728546157462,0.047164023803373444,0.0
72,0.0,5.829194128004539,60.15938215102971,1.1102230246251565e-16,3.552713678800501e-15,0.0,3.552713678800501e-15,0.0,0.46240929785920504,0.03269910834899588,0.04854008892485865,0.049136263955708075,2.220446049250313e-16,0.031365634088725336,0.04656061723768865,0.04713248016651472,0.0
73,0.0,5.829194128004539,60.158123569794014,1.1102230246251565e-16,7.105427357601002e-15,0.0,0.0,2.220446049250313e-16,0.465903137787446,0.029121536275169613,0.04831762886781131,0.04913407610367337,0.0,0.027904476026466236,0.04629831694515163,0.04708064285353486,2.0589183062505376e-16
74,0.0,5.829194128004539,60.15686498855832,1.1102230246251565e-16,3.552713678800501e-15,2.220446049250313e-16,3.552713678800501e-15,0.0,0.4694101745100011,0.0255304476390768,0.04816403294520007,0.049131879673377614,1.1102230246251565e-16,0.024427269130488673,0.046082850241973616,0.04700887601482649,0.0
75,0.0,5.829194128004539,60.15560640732262,1.1102230246251565e-16,0.0,4.440892098500626e-16,0.0,2.220446049250313e-16,0.4729267681467896,0.02192956945266617,0.04808082906280309,0.0491296769159215,2.220446049250313e-16,0.02094218468244448,0.04591597678612177,0.04691759998219965,2.0589183062505376e-16
76,0.0,5.829194128004539,60.15434782608692,0.0,3.552713678800501e-15,4.440892098500626e-16,1.7763568394002505e-15,2.220446049250313e-16,0.4764497813208455,0.01832211461964744,0.0480689612365186,0.0491274697728108,4.440892098500626e-16,0.017456798606103916,0.04579876247530358,0.04680727981756931,2.0589183062505376e-16
77,0.0,5.829194128004539,60.15308924485122,0.0,3.552713678800501e-15,2.220446049250313e-16,0.0,2.220446049250313e-16,0.47997653407848034,0.014710828506822697,0.048128818757141104,0.04912525990367507,0.0,0.013978107513806468,0.045731605312903385,0.046678415444703414,2.0589183062505376e-16
78,0.0,5.829194128004539,60.15183066361553,0.0,3.552713678800501e-15,2.220446049250313e-16,0.0,0.0,0.4835047639737769,0.011098031052532922,0.04826027324302127,0.04912304871046066,2.220446049250313e-16,0.010512547847803536,0.04571427392965745,0.04653153316604222,0.0
79,0.0,5.829194128004539,60.150572082379824,1.1102230246251565e-16,7.105427357601002e-15,4.440892098500626e-16,1.7763568394002505e-15,2.220446049250313e-16,0.4870325906899448,0.007485657836329238,0.04846272302783316,0.049120837359346,1.1102230246251565e-16,0.007066020266237867,0.045745957210310294,0.046367178391620884,2.0589183062505376e-16
80,0.0,5.829194128004539,60.14931350114413,1.1102230246251565e-16,0.0,2.220446049250313e-16,0.0,0.0,0.49055848466117474,0.003875324148834307,0.04873514381038869,0.04911862679980271,0.0,0.003643940838685005,0.04582532298963439,0.04618590942638113,0.0
81,0.0,5.829194128004539,60.14805491990843,1.1102230246251565e-16,0.0,4.440892098500626e-16,2.6645352591003757e-15,0.0,0.4940812392350697,0.0002709478931582915,0.04907614409172271,0.04911641778161894,1.1102230246251565e-16,0.0002536917682404926,0.04595058344218638,0.04598829218198963,0.0
82,0.0,5.829194128004539,60.146796338672736,1.1102230246251565e-16,0.0,0.0,1.7763568394002505e-15,0.0,0.49759994598117263,0.003335455041911489,0.04948402367141726,0.04911421087007131,0.0,0.003108674738615216,0.04611956462294715,0.045774895694985274,0.0
83,0.0,5.829194128004539,60.14553775743703,1.1102230246251565e-16,3.552713678800501e-15,0.0,8.881784197001252e-16,4.440892098500626e-16,0.5011139728061914,0.006933631252133323,0.04995683337879836,0.04911200645936976,1.1102230246251565e-16,0.0064302233012083305,0.04632977762526598,0.0455462883473892,4.117836612501075e-16
84,0.0,5.829194128004539,60.14427917620134,1.1102230246251565e-16,3.552713678800501e-15,0.0,8.881784197001252e-16,0.0,0.5046229445841612,0.0105267257646287,0.050492434268101294,0.04910980478424711,1.1102230246251565e-16,0.009710741565152024,0.04657848899422263,0.04530303469834062,0.0
85,0.0,5.829194128004539,60.14302059496564,0.0,0.0,1.1102230246251565e-16,1.7763568394002505e-15,2.220446049250313e-16,0.508126726049984,0.014114532930358699,0.051088554685232504,0.04910760593073102,1.1102230246251565e-16,0.01294705581788012,0.04686278833512323,0.0450456928475548,2.0589183062505376e-16
86,0.0,5.829194128004539,60.14176201372994,0.0,0.0,1.1102230246251565e-16,8.881784197001252e-16,2.220446049250313e-16,0.5116254067405596,0.01769713177599373,0.05174284387896211,0.049105409845124307,1.1102230246251565e-16,0.016136424791041038,0.047179651442730265,0.04477481225934989,2.0589183062505376e-16
87,0.0,5.829194128004539,60.14050343249424,1.1102230246251565e-16,7.105427357601002e-15,1.1102230246251565e-16,1.7763568394002505e-15,2.220446049250313e-16,0.5151192877971694,0.021274826500352395,0.0524529211492993,0.049103216342120046,1.1102230246251565e-16,0.01927647370907239,0.04752599770821948,0.04449093198640621,2.0589183062505376e-16
88,0.0,5.829194128004539,60.139244851258546,1.1102230246251565e-16,0.0,0.0,3.552713678800501e-15,0.0,0.5186088704700517,0.024848128558439705,0.053216419857796425,0.04910102511190559,4.440892098500626e-16,0.022365166185734406,0.047898740990905804,0.04419457923903477,0.0
89,0.0,5.829194128004539,60.13798627002285,1.1102230246251565e-16,3.552713678800501e-15,3.3306690738754696e-16,0.0,2.220446049250313e-16,0.5220948461888084,0.028417745003104667,0.05403102594300409,0.0490988357260611,4.440892098500626e-16,0.025400781136498324,0.04829483354181588,0.04388626825240041,2.0589183062505376e-16
90,0.0,5.829194128004539,60.13672768878715,1.1102230246251565e-16,0.0,3.3306690738754696e-16,8.881784197001252e-16,0.0,0.5255780880829358,0.03198456931543088,0.05489451086632359,0.04909664764281711,0.0,0.02838189137414648,0.04871130291234661,0.04356649941073026,0.0
91,0.0,5.829194128004539,60.13546910755145,1.1102230246251565e-16,3.552713678800501e-15,2.220446049250313e-16,1.7763568394002505e-15,2.220446049250313e-16,0.5290596438547748,0.03554967391543979,0.05580475914449389,0.04909446021132004,0.0,0.031307343289094076,0.04914528205962219,0.04323575859189571,2.0589183062505376e-16
92,0.0,5.829194128004539,60.134210526315755,0.0,3.552713678800501e-15,3.3306690738754696e-16,8.881784197001252e-16,2.220446049250313e-16,0.5325407299239201,0.03911430408107931,0.056759790803397436,0.049092272675194865,3.3306690738754696e-16,0.034176237485491555,0.04959403307042558,0.042894516700900776,2.0589183062505376e-16
93,0.0,5.829194128004539,60.13295194508005,0.0,7.105427357601002e-15,4.440892098500626e-16,1.7763568394002505e-15,3.3306690738754696e-16,0.5360227267761632,0.04267987314436153,0.05775777921044964,0.04909008417534106,2.220446049250313e-16,0.03698791034749542,0.05005496506703604,0.04254322936450427,3.0883774593758063e-16
94,0.0,5.829194128004539,60.131693363844356,1.1102230246251565e-16,7.105427357601002e-15,1.1102230246251565e-16,1.7763568394002505e-15,2.220446049250313e-16,0.5395071754645138,0.04624795888687622,0.05879706481836748,0.04908789375201734,1.1102230246251565e-16,0.03974191653476741,0.050525646941879575,0.04218233676284027,2.0589183062505376e-16
95,0.0,5.829194128004539,60.13043478260866,1.1102230246251565e-16,7.105427357601002e-15,2.220446049250313e-16,0.0,0.0,0.5429957752215555,0.0498203010834527,0.05987616538809782,0.04908570034617513,1.1102230246251565e-16,0.042438012408741795,0.05100381560263084,0.04181226357691849,0.0
96,0.0,5.829194128004539,60.129176201372964,1.1102230246251565e-16,7.105427357601002e-15,1.1102230246251565e-16,2.6645352591003757e-15,2.220446049250313e-16,0.5464903821546666,0.053398800159682465,0.06099378326117394,0.04908350280035668,2.220446049250313e-16,0.04507614038720115,0.0514873804056564,0.04143341903391589,2.0589183062505376e-16
97,0.0,5.829194128004539,60.12791762013726,1.1102230246251565e-16,7.105427357601002e-15,3.3306690738754696e-16,0.0,1.1102230246251565e-16,0.5499930090070323,0.05698551694345391,0.062148810230775446,0.04908129985845951,1.1102230246251565e-16,0.04765641422035156,0.05197442442434641,0.041046197033695955,1.0294591531252688e-16
98,0.0,5.829194128004539,60.126659038901565,2.220446049250313e-16,0.0,3.3306690738754696e-16,0.0,2.220446049250313e-16,0.5535058259777631,0.06058267350294494,0.06334033052606965,0.049079090165414056,1.1102230246251565e-16,0.0501791051769475,0.05246320315091025,0.04065097634358258,2.0589183062505376e-16
99,0.0,5.829194128004539,60.12540045766587,2.220446049250313e-16,7.105427357601002e-15,0.0,8.881784197001252e-16,5.551115123125783e-16,0.5570311626057649,0.06419265507476273,0.06456762237716647,0.0490768722658257,1.1102230246251565e-16,0.052644629124782835,0.05295214116873825,0.04024812084855619,5.147295765626344e-16
100,0.0,5.829194128004539,60.124141876430166,2.220446049250313e-16,0.0,2.220446049250313e-16,8.881784197001252e-16,1.1102230246251565e-16,0.5605715107328968,0.0678180130974132,0.0658301585800694,0.049074644601964236,4.440892098500626e-16,0.05505353448686041,0.05343982726915925,0.0398379798467984,1.0294591531252688e-16
101,0.0,5.829194128004539,60.12288329519447,2.220446049250313e-16,0.0,3.3306690738754696e-16,8.881784197001252e-16,2.220446049250313e-16,0.5641295285723326,0.07146146937751237,0.06712760643089893,0.04907240551126323,0.0,0.05740649105286879,0.053925008421231026,0.039420888381726506,2.0589183062505376e-16
102,0.0,5.829194128004539,60.121624713958774,2.220446049250313e-16,0.0,2.220446049250313e-16,1.7763568394002505e-15,0.0,0.567708045920528,0.07512592142667689,0.06845982735147059,0.049070153222822675,2.220446049250313e-16,0.059704279622977356,0.05440658294117848,0.03899716760235869,0.0
103,0.0,5.829194128004539,60.12036613272308,2.220446049250313e-16,3.552713678800501e-15,3.3306690738754696e-16,8.881784197001252e-16,1.1102230246251565e-16,0.5713100705624616,0.0788144490207428,0.06982687648566545,0.04906788585352758,3.3306690738754696e-16,0.06194778246117875,0.054883593151037094,0.03856712514585095,1.0294591531252688e-16
104,0.0,5.829194128004539,60.119107551487375,2.220446049250313e-16,1.7763568394002505e-15,1.1102230246251565e-16,8.881784197001252e-16,1.1102230246251565e-16,0.5749387959332737,0.08253032204544178,0.07122900250816881,0.04906560140298452,2.220446049250313e-16,0.0641379745345527,0.05535521776438824,0.03813105553585978,1.0294591531252688e-16
105,0.0,5.829194128004539,60.11784897025168,2.220446049250313e-16,0.0,1.1102230246251565e-16,1.7763568394002505e-15,2.220446049250313e-16,0.5785976101130861,0.08627700970744925,0.07266664785623042,0.04906329774796321,3.3306690738754696e-16,0.06627591551554395,0.05582076419254351,0.037689240592412784,2.0589183062505376e-16
106,0.0,5.829194128004539,60.11659038901598,2.220446049250313e-16,1.7763568394002505e-15,3.3306690738754696e-16,8.881784197001252e-16,0.0,0.5822901062473945,0.09005819120503264,0.07414044956815967,0.04906097263556882,0.0,0.06836274252492526,0.056279660924691895,0.03724194984853714,0.0
107,0.0,5.829194128004539,60.11533180778028,1.1102230246251565e-16,7.105427357601002e-15,2.220446049250313e-16,8.881784197001252e-16,2.220446049250313e-16,0.586020094502237,0.09387776797044617,0.07565124089387595,0.04905862367588032,2.220446049250313e-16,0.0703996635949158,0.056731450103750164,0.036789440970718575,2.0589183062505376e-16
108,0.0,5.829194128004539,60.11407322654458,1.1102230246251565e-16,1.7763568394002505e-15,2.220446049250313e-16,2.6645352591003757e-15,1.1102230246251565e-16,0.5897916156820009,0.09773987761481434,0.07720005382749515,0.049056248333282065,2.220446049250313e-16,0.07238795183315228,0.057175780391344196,0.036331960179644684,1.0294591531252688e-16
109,0.0,5.829194128004539,60.11281464530889,1.1102230246251565e-16,5.329070518200751e-15,1.1102230246251565e-16,0.0,2.220446049250313e-16,0.5936089566594042,0.10164890972864744,0.07878812270367284,0.04905384391657423,0.0,0.07432894027096089,0.057612400193329256,0.035869742668853316,2.0589183062505376e-16
110,0.0,5.829194128004539,60.11155606407319,1.1102230246251565e-16,3.552713678800501e-15,1.1102230246251565e-16,0.0,1.1102230246251565e-16,0.5974766677907234,0.10560952371527417,0.08041688899604106,0.04905140756806619,3.3306690738754696e-16,0.07622401738169754,0.05804115129940449,0.03540301301940493,1.0294591531252688e-16
111,0.0,5.829194128004539,60.11029748283749,5.551115123125783e-17,0.0,0.0,8.881784197001252e-16,1.1102230246251565e-16,0.601399582516922,0.10962666886255412,0.08208800745679692,0.04904893625119243,3.3306690738754696e-16,0.07807462325810252,0.05846196297575259,0.03493198560857297,1.0294591531252688e-16
112,0.0,5.829194128004539,60.10903890160179,5.551115123125783e-17,1.7763568394002505e-15,1.1102230246251565e-16,1.7763568394002505e-15,1.1102230246251565e-16,0.6053828393824534,0.1137056068904094,0.08380335374275599,0.04904642673655055,3.3306690738754696e-16,0.07988224644128913,0.05887484653890018,0.03445686501115034,1.0294591531252688e-16
113,0.0,5.829194128004539,60.107780320366096,0.0,3.552713678800501e-15,0.0,3.552713678800501e-15,3.3306690738754696e-16,0.6094319067393987,0.1178519372479184,0.0855650336842295,0.04904387558626265,2.220446049250313e-16,0.08164842139761143,0.05927989043111114,0.03397784639225291,3.0883774593758063e-16
114,0.0,5.829194128004539,60.10652173913039,0.0,5.329070518200751e-15,2.220446049250313e-16,2.6645352591003757e-15,2.220446049250313e-16,0.6135526104460802,0.1220716254769921,0.08737539436819049,0.04904127913647101,0.0,0.08337472664482855,0.05967725581163022,0.03349511589068384,2.0589183062505376e-16
115,0.0,5.829194128004539,60.1052631578947,5.551115123125783e-17,1.7763568394002505e-15,0.0,8.881784197001252e-16,0.0,0.6177511649172374,0.12637103500775346,0.08923703722842717,0.049038633477779134,0.0,0.0850627835333912,0.060067172674949945,0.03300885099214155,0.0
116,0.0,5.829194128004539,60.104004576659,5.551115123125783e-17,5.329070518200751e-15,0.0,2.6645352591003757e-15,1.1102230246251565e-16,0.6220342079388472,0.13075696280921026,0.09115283336086835,0.04903593443315835,1.1102230246251565e-16,0.08671425569543097,0.06044993650510663,0.03251922089155294,1.0294591531252688e-16
117,0.0,5.829194128004539,60.102745995423305,5.551115123125783e-17,5.329070518200751e-15,1.1102230246251565e-16,8.881784197001252e-16,2.220446049250313e-16,0.626408839725777,0.13523667938436862,0.0931259413149401,0.04903317753331887,1.1102230246251565e-16,0.088330849179851,0.06082590547525989,0.03202638684431544,2.0589183062505376e-16
118,0.0,5.829194128004539,60.1014874141876,5.551115123125783e-17,3.552713678800501e-15,1.1102230246251565e-16,0.0,3.3306690738754696e-16,0.6308826667770735,0.13981797367813742,0.0951598276506903,0.04903035798893556,0.0,0.08991431330020212,0.06119549820307041,0.031530502505970434,3.0883774593758063e-16
119,0.0,5.829194128004539,60.100228832951906,5.551115123125783e-17,3.552713678800501e-15,2.220446049250313e-16,2.6645352591003757e-15,3.3306690738754696e-16,0.6354638511733894,0.14450920355823538,0.09725829059820083,0.049027470659526846,2.220446049250313e-16,0.0914664422306672,0.06155919207504909,0.031031714260249175,3.0883774593758063e-16
120,0.0,5.829194128004539,60.09897025171621,5.551115123125783e-17,3.552713678800501e-15,1.1102230246251565e-16,0.0,2.220446049250313e-16,0.6401611660677671,0.14931935263770701,0.09942548721165667,0.04902451001834166,1.1102230246251565e-16,0.09298907739547446,0.06191752215695566,0.030530161535267622,2.0589183062505376e-16
121,0.0,5.829194128004539,60.09771167048051,0.0,5.329070518200751e-15,2.220446049250313e-16,8.881784197001252e-16,1.1102230246251565e-16,0.6449840582459142,0.15425809433699011,0.10166596447830208,0.049021470112864375,2.220446049250313e-16,0.0944841107092953,0.06227108071327811,0.03002597710793595,1.0294591531252688e-16
122,0.0,5.829194128004539,60.09645308924481,5.551115123125783e-17,0.0,0.0,8.881784197001252e-16,2.220446049250313e-16,0.6499427187825247,0.15933586423601973,0.10398469492147382,0.049018344519946244,2.220446049250313e-16,0.09595348873972794,0.06262051736495435,0.029519287396386987,2.0589183062505376e-16
123,0.0,5.829194128004539,60.095194508009115,5.551115123125783e-17,3.552713678800501e-15,1.1102230246251565e-16,8.881784197001252e-16,0.0,0.6550481629976844,0.1645639419499885,0.10638711733359515,0.04901512629554737,1.1102230246251565e-16,0.09739921787963089,0.06296653992348912,0.02901021274094473,0.0
124,0.0,5.829194128004539,60.09393592677342,1.1102230246251565e-16,7.105427357601002e-15,0.0,8.881784197001252e-16,2.220446049250313e-16,0.6603123211316742,0.16995454398049462,0.10887918338952196,0.049011807917044355,1.1102230246251565e-16,0.09882337063605778,0.06330991594957838,0.028498867673024536,2.0589183062505376e-16
125,0.0,5.829194128004539,60.092677345537716,1.1102230246251565e-16,3.552713678800501e-15,1.1102230246251565e-16,8.881784197001252e-16,0.0,0.6657481414126463,0.17552092925718,0.11146741102930342,0.04900838121830508,2.220446049250313e-16,0.10022809316586463,0.06365147509692629,0.027985361172850314,0.0
126,0.0,5.829194128004539,60.09141876430202,1.1102230246251565e-16,1.7763568394002505e-15,0.0,8.881784197001252e-16,1.1102230246251565e-16,0.6713697075021007,0.18127751940214784,0.11415894566603009,0.04900483731513378,1.1102230246251565e-16,0.10161561421555829,0.06399211231658515,0.027469796915435,1.0294591531252688e-16
127,0.0,5.829194128004539,60.090160183066324,1.1102230246251565e-16,3.552713678800501e-15,1.1102230246251565e-16,0.0,0.0,0.6771923726781489,0.18724003613411588,0.11696163047783201,0.04900116652057673,1.1102230246251565e-16,0.10298825565620935,0.06433279201564564,0.026952273505538717,0.0
128,0.0,5.829194128004539,60.08890160183062,1.1102230246251565e-16,3.552713678800501e-15,1.1102230246251565e-16,0.0,0.0,0.683232913573878,0.19342565869694028,0.1198840872883617,0.04899735824746071,1.1102230246251565e-16,0.1043484448442311,0.06467455328515047,0.026432884701242908,0.0
129,0.0,5.829194128004539,60.087643020594925,5.551115123125783e-17,0.0,1.1102230246251565e-16,8.881784197001252e-16,0.0,0.6895097068470313,0.19985320476990118,0.12293580984304928,0.04899340089655432,0.0,0.10569872908804866,0.06501851633943534,0.025911719626559464,0.0
130,0.0,5.829194128004539,60.08638443935923,5.551115123125783e-17,1.7763568394002505e-15,1.6653345369377348e-16,0.0,0.0,0.6960429328435197,0.2065433390197381,0.12612727165797755,0.048989281727720706,1.1102230246251565e-16,0.107041792560416,0.06536589034098203,0.025388862973118355,0.0
131,0.0,5.829194128004539,60.08512585812353,2.7755575615628914e-17,0.0,0.0,0.0,1.1102230246251565e-16,0.7028548111642079,0.21351881432188985,0.12947005107530676,0.04898498671065739,0.0,0.10838047606983264,0.06571798282456433,0.024864395190823216,1.0294591531252688e-16
132,0.0,5.829194128004539,60.08386727688783,0.0,1.7763568394002505e-15,1.6653345369377348e-16,0.0,1.1102230246251565e-16,0.7099698740959355,0.22080475175457845,0.13297697672770198,0.04898050035166754,5.551115123125783e-17,0.1097178001957741,0.06607621098419401,0.024338392667592898,1.0294591531252688e-16
133,0.0,5.829194128004539,60.082608695652134,2.7755575615628914e-17,0.0,0.0,0.0,2.220446049250313e-16,0.7174152851778245,0.2284289668119525,0.136662297321276,0.04897580549183048,1.1102230246251565e-16,0.11105699240626175,0.06644211514700547,0.02381092789809953,2.0589183062505376e-16
134,0.0,5.829194128004539,60.08135011441644,2.7755575615628914e-17,0.0,5.551115123125783e-17,1.7763568394002505e-15,1.1102230246251565e-16,0.7252212118181298,0.23642235096483852,0.14054188053545724,0.04897088307089826,0.0,0.11240151891810454,0.06681737483501121,0.023282069641327986,1.0294591531252688e-16
135,0.0,5.829194128004539,60.080091533180735,0.0,3.552713678800501e-15,5.551115123125783e-17,1.3322676295501878e-15,1.1102230246251565e-16,0.7334212629504808,0.24481931982226351,0.14463344695954367,0.04896571184986398,1.6653345369377348e-16,0.1137551222400086,0.06720382791203434,0.02275188306663932,1.0294591531252688e-16
136,0.0,5.829194128004539,60.07883295194504,2.7755575615628914e-17,1.7763568394002505e-15,5.551115123125783e-17,4.440892098500626e-16,2.220446049250313e-16,0.7420530053508813,0.2536583418418745,0.14895684641013512,0.048960268083565184,0.0,0.1151218655658512,0.06760349343539647,0.022220429887923193,2.0589183062505376e-16
137,0.0,5.829194128004539,60.07757437070934,0.0,1.7763568394002505e-15,0.0,0.0,1.1102230246251565e-16,0.7511585756003731,0.2629825649817422,0.15353438579453813,0.04895452513257709,0.0,0.11650618547591571,0.06801859898792581,0.021687768485250628,1.0294591531252688e-16
138,0.0,5.829194128004539,60.07631578947365,5.551115123125783e-17,8.881784197001252e-16,5.551115123125783e-17,1.3322676295501878e-15,5.551115123125783e-17,0.7607854090056881,0.27284056311773247,0.1583912200305122,0.04894845300075938,1.1102230246251565e-16,0.11791295477757259,0.06845161346688527,0.02115395401313613,5.147295765626344e-17
139,0.0,5.829194128004539,60.07505720823794,5.551115123125783e-17,0.0,0.0,4.440892098500626e-16,0.0,0.7709871123985739,0.28328722979301435,0.16355582057342974,0.048942017781508924,5.551115123125783e-17,0.11934755780052558,0.0689052865664372,0.02061903849432547,0.0
140,0.0,5.829194128004539,60.07379862700225,5.551115123125783e-17,1.7763568394002505e-15,5.551115123125783e-17,1.3322676295501878e-15,2.7755575615628914e-16,0.7818245150595534,0.294384854367729,0.16906054007753635,0.04893518099040018,1.1102230246251565e-16,0.12081598109392695,0.06938269653038155,0.02008307089731918,2.573647882813172e-16
141,0.0,5.829194128004539,60.07254004576655,0.0,0.0,1.1102230246251565e-16,1.3322676295501878e-15,1.1102230246251565e-16,0.7933669416573095,0.30620442551345084,0.1749422969580715,0.04892789875706083,5.551115123125783e-17,0.12232492330425197,0.06988730820001073,0.019546097195883794,1.0294591531252688e-16
142,0.0,5.829194128004539,60.07128146453085,1.3877787807814457e-17,1.7763568394002505e-15,5.551115123125783e-17,4.440892098500626e-16,5.551115123125783e-17,0.8056937639090811,0.318827220119006,0.1812434105876968,0.04892012083939616,1.6653345369377348e-16,0.12388192911812175,0.07042304397714516,0.019008160407426755,5.147295765626344e-17
143,0.0,5.829194128004539,60.07002288329515,1.3877787807814457e-17,1.7763568394002505e-15,1.6653345369377348e-16,0.0,1.1102230246251565e-16,0.8188963048482708,0.3323467532672775,0.18801262721363393,0.048911789413410324,0.0,0.1254955536355069,0.07099437112197685,0.018469300606655324,1.0294591531252688e-16
144,0.0,5.829194128004539,60.068764302059456,2.7755575615628914e-17,8.881784197001252e-16,5.551115123125783e-17,0.0,5.551115123125783e-17,0.8330801928535839,0.3468711887694929,0.19530638936051212,0.0489028375766393,0.0,0.1271755655450762,0.07160640988835704,0.017929554909505607,5.147295765626344e-17
145,0.0,5.829194128004539,60.06750572082376,2.7755575615628914e-17,0.0,1.1102230246251565e-16,8.881784197001252e-16,0.0,0.8483682944431887,0.36252634235706255,0.20319041886164027,0.04889318748273221,5.551115123125783e-17,0.128933200219392,0.07226506848417333,0.017388957420551906,0.0
146,0.0,5.829194128004539,60.06624713958806,6.938893903907228e-18,8.881784197001252e-16,5.551115123125783e-17,0.0,0.0,0.8649043989337108,0.37945945478570253,0.2117417077505647,0.048882747996655374,1.1102230246251565e-16,0.13078147764928044,0.0729772129020735,0.01684753913476837,0.0
147,0.0,5.829194128004539,60.06498855835236,1.3877787807814457e-17,2.6645352591003757e-15,1.1102230246251565e-16,8.881784197001252e-16,5.551115123125783e-17,0.8828578898743396,0.3978439754008031,0.22105104506096865,0.048871411720480276,2.220446049250313e-16,0.13273560546552715,0.07375088255489007,0.01630532778116794,5.147295765626344e-17
148,0.0,5.829194128004539,60.063729977116665,1.3877787807814457e-17,8.881784197001252e-16,0.0,1.3322676295501878e-15,5.551115123125783e-17,0.9024297259671038,0.41788568662141184,0.23122625568976238,0.048859051183062795,5.551115123125783e-17,0.1348134948654908,0.07459556675947948,0.01576234759092868,5.147295765626344e-17
149,0.0,5.829194128004539,60.06247139588096,0.0,8.881784197001252e-16,0.0,4.440892098500626e-16,5.551115123125783e-17,0.9238601807125203,0.4398306293655301,0.2423963969210012,0.04884551390648611,0.0,0.13703642817011974,0.07552256304495529,0.015218618965974526,5.147295765626344e-17
150,0.0,5.829194128004539,60.061212814645266,0.0,8.881784197001252e-16,0.0,0.0,1.6653345369377348e-16,0.9474389752342498,0.46397547909921727,0.25471726004281986,0.04883061594228464,5.551115123125783e-17,0.13942993270382403,0.07654544696030842,0.014674158013559794,1.5441887296879031e-16
151,0.0,5.829194128004539,60.05995423340957,0.0,8.881784197001252e-16,0.0,4.440892098500626e-16,0.0,0.9709901871358051,0.48809225213929053,0.2670528378911105,0.04881572255989515,0.0,0.14130717039818366,0.07731423865836845,0.01413259808089112,0.0
152,0.0,5.829194128004539,60.058695652173874,0.0,0.0,8.326672684688674e-17,0.0,0.0,0.9945138404922289,0.5121809729381184,0.27940017366452846,0.048800833757930505,0.0,0.1427008481164702,0.07784483190990081,0.01359660107266213,0.0
153,0.0,5.829194128004539,60.05743707093817,0.0,8.881784197001252e-16,8.326672684688674e-17,0.0,5.551115123125783e-17,1.018009959360218,0.5362416659308706,0.2917568105630231,0.0487859495349131,5.551115123125783e-17,0.14364388752215596,0.07815334977297442,0.013068368037924976,5.147295765626344e-17
154,0.0,5.829194128004539,60.056178489702475,0.0,4.440892098500626e-16,2.7755575615628914e-17,8.881784197001252e-16,0.0,1.0414785677780432,0.5602743555351544,0.3041206911571223,0.04877106988948244,5.551115123125783e-17,0.1441689812038215,0.07825589333862229,0.012549700675611022,0.0
155,0.0,5.829194128004539,60.05491990846678,0.0,1.7763568394002505e-15,0.0,0.0,5.551115123125783e-17,1.064919689765575,0.5842790661507002,0.31649007997497,0.04875619482012889,5.551115123125783e-17,0.14430824261520683,0.07816834436192895,0.012042055241600442,5.147295765626344e-17
156,0.0,5.829194128004539,60.053661327231076,0.0,4.440892098500626e-16,8.326672684688674e-17,4.440892098500626e-16,5.551115123125783e-17,1.0883333493242704,0.608255822159178,0.3288635033250984,0.04874132432556123,2.7755575615628914e-17,0.1440929345029757,0.07790621235129186,0.011546589769910052,5.147295765626344e-17
157,0.0,5.829194128004539,60.05240274599538,0.0,4.440892098500626e-16,0.0,6.661338147750939e-16,0.0,1.1117195704371228,0.6322046479240777,0.3412397020615502,0.048726458404264414,0.0,0.14355326276270997,0.07748451830584038,0.011064205411605337,0.0
158,0.0,5.829194128004539,60.051144164759684,0.0,8.881784197001252e-16,2.7755575615628914e-17,2.220446049250313e-16,2.7755575615628914e-17,1.1350783770687045,0.656125567790506,0.35361759417215344,0.04871159705484284,2.7755575615628914e-17,0.1427182246124896,0.07691770860559331,0.010595582600319974,2.573647882813172e-17
159,0.0,5.829194128004539,60.04988558352399,0.0,4.440892098500626e-16,2.7755575615628914e-17,4.440892098500626e-16,0.0,1.1584097931651203,0.6800186060852302,0.3659962448974412,0.048696740275917125,8.326672684688674e-17,0.14161550164683426,0.07621959363787245,0.010141212668341702,0.0
160,0.0,5.829194128004539,60.048627002288285,0.0,4.440892098500626e-16,0.0,6.661338147750939e-16,5.551115123125783e-17,1.1817138426540152,0.7038837871164287,0.3783748426761056,0.04868188806601606,5.551115123125783e-17,0.14027138976908157,0.07540330663569583,0.009701425463396012,5.147295765626344e-17
161,0.0,5.829194128004539,60.04736842105259,0.0,4.440892098500626e-16,5.551115123125783e-17,4.440892098500626e-16,8.326672684688674e-17,1.2049905494446134,0.7277211351738133,0.3907526796389022,0.04866704042377148,5.551115123125783e-17,0.1387107592309149,0.07448127894661288,0.009276413450724644,7.720943648439516e-17
162,0.0,5.829194128004539,60.04610983981689,0.0,4.440892098500626e-16,5.551115123125783e-17,0.0,0.0,1.228239937427619,0.7515306745285169,0.40312913568152525,0.04865219734776704,2.7755575615628914e-17,0.13695703906100362,0.0734652285707445,0.008866252727131966,0.0
163,0.0,5.829194128004539,60.04485125858119,0.0,4.440892098500626e-16,5.551115123125783e-17,4.440892098500626e-16,2.7755575615628914e-17,1.2514620304753528,0.7753124294330311,0.4155036653759441,0.048637358836547614,2.7755575615628914e-17,0.13503222106608057,0.0723661593273316,0.008470921323020367,2.573647882813172e-17
164,0.0,5.829194128004539,60.043592677345494,0.0,8.881784197001252e-16,2.7755575615628914e-17,2.220446049250313e-16,2.7755575615628914e-17,1.274656852441648,0.7990664241212404,0.42787578714883656,0.04862252488871031,2.7755575615628914e-17,0.13295687935768677,0.07119436844638527,0.00809031512343147,2.573647882813172e-17
165,0.0,5.829194128004539,60.0423340961098,0.0,4.440892098500626e-16,2.7755575615628914e-17,6.661338147750939e-16,5.551115123125783e-17,1.2978244271619064,0.8227926828083955,0.4402450742831839,0.048607695502874956,2.7755575615628914e-17,0.1307502020148541,0.06995946075030335,0.007724261699538494,5.147295765626344e-17
166,0.0,5.829194128004539,60.0410755148741,0.0,4.440892098500626e-16,1.3877787807814457e-17,4.440892098500626e-16,5.551115123125783e-17,1.320964778453072,0.846491229691079,0.45261114739573816,0.048592870677590334,2.7755575615628914e-17,0.12843003205303086,0.06867036790068985,0.007372532307215091,5.147295765626344e-17
167,0.0,5.829194128004539,60.0398169336384,0.0,0.0,4.163336342344337e-17,0.0,2.7755575615628914e-17,1.3440779301136772,0.8701620889472027,0.46497366811576846,0.04857805041147496,2.7755575615628914e-17,0.1260129153461259,0.06733537144710645,0.007034852278599389,2.573647882813172e-17
168,0.0,5.829194128004539,60.0385583524027,0.0,0.0,5.551115123125783e-17,2.220446049250313e-16,5.551115123125783e-17,1.3671639059238185,0.893805284736057,0.477332333748139,0.04856323470308479,2.7755575615628914e-17,0.12351415355349851,0.06596212863524036,0.0067109100053516675,5.147295765626344e-17
169,0.0,5.829194128004539,60.03729977116701,0.0,6.661338147750939e-16,1.3877787807814457e-17,2.220446049250313e-16,2.7755575615628914e-17,1.3902227296452032,0.9174208411982353,0.4896868727465536,0.0485484235510319,2.7755575615628914e-17,0.12094786044720256,0.06455770011767106,0.006400364688590185,2.573647882813172e-17
170,0.0,5.829194128004539,60.036041189931304,0.0,8.881784197001252e-16,1.3877787807814457e-17,4.440892098500626e-16,2.7755575615628914e-17,1.4132544250210801,0.9410087824556955,0.5020370408574153,0.0485336169539059,0.0,0.118327020325706,0.0631285788669986,0.0061028530092972185,2.573647882813172e-17
171,0.0,5.829194128004539,60.03478260869561,0.0,2.220446049250313e-16,0.0,4.440892098500626e-16,2.7755575615628914e-17,1.436259015776341,0.9645691326117053,0.5143826178214727,0.04851881491027686,2.7755575615628914e-17,0.11566354744597505,0.06168071972268786,0.0058179948545547975,2.573647882813172e-17
172,0.0,5.829194128004539,60.03352402745991,0.0,4.440892098500626e-16,2.7755575615628914e-17,2.220446049250313e-16,2.7755575615628914e-17,1.4592365256174584,0.9881019157509008,0.5267234045414944,0.04850401741873515,2.7755575615628914e-17,0.11296834561305327,0.06021956911348428,0.005545398218580706,2.573647882813172e-17
173,0.0,5.829194128004539,60.032265446224216,0.0,0.0,0.0,0.0,1.3877787807814457e-17,1.4821869782325323,1.011607155939281,0.5390592206410952,0.04848922447788168,6.938893903907228e-17,0.11025136724041165,0.0587500945898793,0.0052846633831389895,1.286823941406586e-17
174,0.0,5.829194128004539,60.03100686498851,0.0,0.0,0.0,3.3306690738754696e-16,4.163336342344337e-17,1.5051103972913058,1.0350848772242032,0.551389902353277,0.04847443608630848,6.938893903907228e-17,0.1075216713404476,0.057276813878548195,0.005035386469236036,3.860471824219758e-17
175,0.0,5.829194128004539,60.02974828375282,0.0,2.220446049250313e-16,1.3877787807814457e-17,0.0,2.7755575615628914e-17,1.5280068064451333,1.058535103634383,0.5637153006878092,0.04845965224260326,2.7755575615628914e-17,0.10478748002658918,0.055803823235237096,0.004797162440841613,2.573647882813172e-17
176,0.0,5.829194128004539,60.02848970251712,0.0,2.220446049250313e-16,1.3877787807814457e-17,3.3306690738754696e-16,4.163336342344337e-17,1.550876229327048,1.0819578591799206,0.5760352798356447,0.0484448729453569,1.3877787807814457e-17,0.10205623321013024,0.05433482492629434,0.004569587631531136,3.860471824219758e-17
177,0.0,5.829194128004539,60.02723112128142,0.0,0.0,1.3877787807814457e-17,3.3306690738754696e-16,4.163336342344337e-17,1.5737186895517155,1.1053531678522994,0.5883497157753763,0.04843009819315687,1.3877787807814457e-17,0.09933464125923902,0.05287315371346697,0.004352261856284642,3.860471824219758e-17
178,0.0,5.829194128004539,60.02597254004572,0.0,2.220446049250313e-16,1.3877787807814457e-17,1.1102230246251565e-16,0.0,1.5965342107155038,1.1287210536244177,0.6006584950525001,0.048415327984587746,1.3877787807814457e-17,0.09662873545718603,0.0514218022532364,0.0041447901630550545,0.0
179,0.0,5.829194128004539,60.024713958810025,0.0,2.220446049250313e-16,1.3877787807814457e-17,2.220446049250313e-16,2.7755575615628914e-17,1.619322816396428,1.1520615404505536,0.6129615137070746,0.04840056231826281,0.0,0.09394391615395262,0.04998344535204003,0.003946784272004083,2.573647882813172e-17
180,0.0,5.829194128004539,60.02345537757433,0.0,4.440892098500626e-16,0.0,1.1102230246251565e-16,0.0,1.6420845301542504,1.1753746522664377,0.6252586763291764,0.0483858011927592,1.3877787807814457e-17,0.09128499855198906,0.048560463043224755,0.0037578637443821793,0.0
181,0.0,5.829194128004539,60.022196796338626,0.0,0.0,0.0,1.1102230246251565e-16,2.7755575615628914e-17,1.6648193755303726,1.198660412989236,0.6375498952247289,0.048371044606657504,2.7755575615628914e-17,0.08865625610454837,0.04715496247140944,0.0035776569178570753,2.573647882813172e-17
182,0.0,5.829194128004539,60.02093821510293,0.0,0.0,2.0816681711721685e-17,1.1102230246251565e-16,1.3877787807814457e-17,1.6875273760479503,1.2219188465174768,0.6498350896769748,0.048356292558582654,2.7755575615628914e-17,0.08606146153525769,0.04576879858583619,0.0034058016404926654,1.286823941406586e-17
183,0.0,5.829194128004539,60.019679633867234,0.0,1.1102230246251565e-16,2.0816681711721685e-17,0.0,1.3877787807814457e-17,1.7102085552118742,1.2451499767312484,0.6621141852911003,0.04834154504713327,0.0,0.08350392551153783,0.044403593656906264,0.003241945831558046,1.286823941406586e-17
184,0.0,5.829194128004539,60.01842105263153,0.0,2.220446049250313e-16,1.3877787807814457e-17,1.1102230246251565e-16,2.7755575615628914e-17,1.73286293650878,1.2683538274920392,0.6743871134111938,0.0483268020708507,1.3877787807814457e-17,0.08098653302308974,0.04306075563994355,0.0030857478938272355,2.573647882813172e-17
185,0.0,5.829194128004539,60.017162471395835,0.0,0.0,2.0816681711721685e-17,1.1102230246251565e-16,0.0,1.755490543407017,1.2915304226428412,0.686653810600571,0.04831206362838033,1.3877787807814457e-17,0.07851177753105894,0.04174149541782355,0.00293687699891425,0.0
186,0.0,5.829194128004539,60.01590389016014,0.0,1.1102230246251565e-16,0.0,5.551115123125783e-17,0.0,1.7780913993567484,1.314679786008121,0.6989142181773597,0.048297329718307254,2.0816681711721685e-17,0.07608179296407683,0.04044684295974338,0.0027950132644112245,0.0
187,0.0,5.829194128004539,60.01464530892444,0.0,0.0,1.3877787807814457e-17,1.1102230246251565e-16,2.7755575615628914e-17,1.8006655277898844,1.3378019413938478,0.7111682817988823,0.048282600339209225,0.0,0.07369838364507394,0.03917766243754616,0.0026598478392649036,2.573647882813172e-17
188,0.0,5.829194128004539,60.01338672768874,0.0,0.0,6.938893903907228e-18,0.0,6.938893903907228e-18,1.8232129521201395,1.3608969125875308,0.7234159510887003,0.04826787548970057,0.0,0.07136305223792354,0.03793466634378128,0.0025310829116628945,6.43411970703293e-18
189,0.0,5.829194128004539,60.012128146453044,0.0,0.0,6.938893903907228e-18,1.1102230246251565e-16,1.3877787807814457e-17,1.8457336957430408,1.3839647233581784,0.7356571793014948,0.04825315516838609,2.0816681711721685e-17,0.06907702580613483,0.03671842865746656,0.0024084316518603816,1.286823941406586e-17
190,0.0,5.829194128004539,60.01086956521735,0.0,1.1102230246251565e-16,6.938893903907228e-18,5.551115123125783e-17,0.0,1.8682277820359148,1.407005397456348,0.747891923021337,0.048238439373822745,6.938893903907228e-18,0.06684128007734479,0.03552939710439463,0.0022916181007612236,0.0
191,0.0,5.829194128004539,60.009610983981645,0.0,2.220446049250313e-16,0.0,5.551115123125783e-17,2.0816681711721685e-17,1.89069523435791,1.4300189586141425,0.7601201418894369,0.04822372810464867,6.938893903907228e-18,0.06465656200753989,0.03436790455903004,0.0021803770136408903,1.930235912109879e-17
192,0.0,5.829194128004539,60.00835240274595,0.0,1.1102230246251565e-16,6.938893903907228e-18,5.551115123125783e-17,0.0,1.9131360760500264,1.4530054305452436,0.7723417983581671,0.04820902135944703,6.938893903907228e-18,0.0625234107380945,0.033234179634707574,0.002074453667118915,0.0
193,0.0,5.829194128004539,60.00709382151025,0.0,0.0,3.469446951953614e-18,1.1102230246251565e-16,1.3877787807814457e-17,1.935550330435117,1.475964836944891,0.7845568574685177,0.04819431913681532,0.0,0.060442177037030434,0.03212835650806155,0.0019736036364362904,1.286823941406586e-17
194,0.0,5.829194128004539,60.00583524027456,0.0,2.220446049250313e-16,3.469446951953614e-18,0.0,6.938893903907228e-18,1.9579380208178931,1.4988972014899298,0.796765286648157,0.048179621435354945,6.938893903907228e-18,0.058413041313585524,0.031050484022484375,0.001877592549094639,6.43411970703293e-18
195,0.0,5.829194128004539,60.004576659038854,0.0,1.1102230246251565e-16,1.0408340855860843e-17,5.551115123125783e-17,6.938893903907228e-18,1.9802991704849418,1.521802547838834,0.8089670555283256,0.04816492825365562,0.0,0.056436030292378696,0.03000053411408008,0.0017861958200909964,6.43411970703293e-18
196,0.0,5.829194128004539,60.00331807780316,0.0,0.0,3.469446951953614e-18,5.551115123125783e-17,6.938893903907228e-18,2.0026338027047705,1.5446808996316008,0.8211621357770251,0.04815023959033317,1.3877787807814457e-17,0.05451103243030262,0.02897840960197902,0.0016991983732442572,6.43411970703293e-18
197,0.0,5.829194128004539,60.00205949656746,0.0,5.551115123125783e-17,6.938893903907228e-18,5.551115123125783e-17,6.938893903907228e-18,2.0249419407277416,1.5675322804899896,0.8333505009473624,0.04813555544397733,1.3877787807814457e-17,0.052637812155901895,0.02798395138324176,0.0016163943524582873,6.43411970703293e-18
198,0.0,5.829194128004539,60.00080091533176,0.0,5.551115123125783e-17,1.3877787807814457e-17,5.551115123125783e-17,0.0,2.0472236077861967,1.5903567140173074,0.8455321263390703,0.04812087581320184,0.0,0.05081602300739219,0.027016945070769748,0.001537586826217477,0.0
199,0.0,5.829194128004539,59.99954233409606,0.0,1.6653345369377348e-16,1.3877787807814457e-17,5.551115123125783e-17,6.938893903907228e-18,2.069478827094331,1.6131542237985397,0.857706988872127,0.048106200696603936,3.469446951953614e-18,0.049045219741892486,0.026077127110844586,0.0014625874881056475,6.43411970703293e-18
200,0.0,5.829194128004539,59.99828375286037,0.0,5.551115123125783e-17,3.469446951953614e-18,2.7755575615628914e-17,0.0,2.0917076218483364,1.6359248334003607,0.8698750669710705,0.048091530092744465,3.469446951953614e-18,0.047324869484724134,0.025164190415065905,0.0013912163557228856,0.0
201,0.0,5.829194128004539,59.99702517162467,0.0,2.220446049250313e-16,6.938893903907228e-18,0.0,6.938893903907228e-18,2.113910015226335,1.6586685663710827,0.8820363404592936,0.048076864000290306,1.0408340855860843e-17,0.04565436198399542,0.024277789539636184,0.0013233014700017626,6.43411970703293e-18
202,0.0,5.829194128004539,59.99576659038897,0.0,1.1102230246251565e-16,6.938893903907228e-18,1.3877787807814457e-16,6.938893903907228e-18,2.136086030388455,1.6813854462407734,0.8941907904618044,0.048062202417811326,1.0408340855860843e-17,0.044033019032088276,0.023417545443107368,0.0012586785965818977,6.43411970703293e-18
203,0.0,5.829194128004539,59.99450800915327,0.0,5.551115123125783e-17,3.469446951953614e-18,0.0,3.469446951953614e-18,2.1582356904767415,1.704075496521142,0.9063383993162266,0.04804754534391055,0.0,0.04246010311212758,0.022583049851964188,0.0011971909306553155,3.217059853516465e-18
204,0.0,5.829194128004539,59.993249427917576,0.0,0.0,0.0,0.0,0.0,2.180359018615282,1.7267387407057049,0.9184791504908512,0.04803289277718889,3.469446951953614e-18,0.0409348253241103,0.021773869261666235,0.0011386888064157097,0.0
205,0.0,5.829194128004539,59.99199084668187,0.0,0.0,0.0,8.326672684688674e-17,6.938893903907228e-18,2.20245603791014,1.7493752022695952,0.9306130285093124,0.04801824471624853,3.469446951953614e-18,0.03945635264204504,0.020989548599126814,0.001083029412054246,6.43411970703293e-18
206,0.0,5.829194128004539,59.99073226544618,0.0,1.1102230246251565e-16,0.0,5.551115123125783e-17,1.0408340855860843e-17,2.2245267714494337,1.7719849046698062,0.9427400188811529,0.0480036011597129,6.938893903907228e-18,0.03802381455030839,0.020229614570994783,0.001030076511054713,9.651179560549395e-18
207,0.0,5.829194128004539,59.98947368421048,0.0,0.0,1.734723475976807e-18,0.0,3.469446951953614e-18,2.246571242303297,1.7945678713450228,0.9548601080378317,0.04798896210615149,0.0,0.036636309104350166,0.019493578720579614,0.0009797001703815151,3.217059853516465e-18
208,0.0,5.829194128004539,59.98821510297478,0.0,1.1102230246251565e-16,5.204170427930421e-18,2.7755575615628914e-17,3.469446951953614e-18,2.268589473523885,1.8171241257157509,0.9669732832735676,0.047974327554212874,0.0,0.03529290845801694,0.01878094021479109,0.0009317764960271131,3.217059853516465e-18
209,0.0,5.829194128004539,59.98695652173908,0.0,0.0,1.734723475976807e-18,0.0,3.469446951953614e-18,2.2905814881454343,1.8396536911842247,0.9790795326907127,0.04795969750247763,3.469446951953614e-18,0.03399266389698346,0.01809118838108438,0.0008861873762519265,3.217059853516465e-18
210,0.0,5.829194128004539,59.985697940503385,0.0,5.551115123125783e-17,5.204170427930421e-18,0.0,3.469446951953614e-18,2.3125473091842457,1.8621565911345466,0.9911788451492507,0.047945071949548106,6.938893903907228e-18,0.03273461041518991,0.017423805013073796,0.0008428202327713416,3.217059853516465e-18
211,0.0,5.829194128004539,59.98443935926769,0.0,8.326672684688674e-17,1.734723475976807e-18,2.7755575615628914e-17,3.469446951953614e-18,2.3344869596387197,1.884632848932549,1.0032712102200432,0.047930450894045996,3.469446951953614e-18,0.031517770868694936,0.016778266462236135,0.0008015677800413007,3.217059853516465e-18
212,0.0,5.829194128004539,59.983180778031986,0.0,8.326672684688674e-17,5.204170427930421e-18,2.7755575615628914e-17,0.0,2.3564004624893156,1.9070824879259949,1.0153566181413247,0.04791583433455476,3.469446951953614e-18,0.030341159739046445,0.016154045531941042,0.0007623277927298707,0.0
213,0.0,5.829194128004539,59.98192219679629,0.0,5.551115123125783e-17,1.734723475976807e-18,2.7755575615628914e-17,3.469446951953614e-18,2.378287840698643,1.9295055314443834,1.0274350597785236,0.047901222269706216,1.734723475976807e-18,0.02920378653605067,0.015550613188947645,0.0007250028814031104,3.217059853516465e-18
214,0.0,5.829194128004539,59.980663615560594,0.0,5.551115123125783e-17,0.0,1.3877787807814457e-17,3.469446951953614e-18,2.4001491172114124,1.9519020027991467,1.0395065265869632,0.04788661469811145,0.0,0.028104658867782614,0.014967440106452137,0.0006895002763936696,3.217059853516465e-18
215,0.0,5.829194128004539,59.9794050343249,0.0,0.0,0.0,0.0,3.469446951953614e-18,2.4219843149544813,1.97427192528352,1.0515710105769613,0.04787201161834142,1.734723475976807e-18,0.02704278520371843,0.014403998051791182,0.0006557316197862698,3.217059853516465e-18
216,0.0,5.829194128004539,59.978146453089195,0.0,2.7755575615628914e-17,0.0,1.3877787807814457e-17,3.469446951953614e-18,2.4437934568368194,1.9966153221726894,1.0636285042816433,0.04785741302904579,3.469446951953614e-18,0.026017177355069945,0.01385976113099757,0.0006236127654157245,3.217059853516465e-18
217,0.0,5.829194128004539,59.9768878718535,0.0,5.551115123125783e-17,3.469446951953614e-18,1.3877787807814457e-17,5.204170427930421e-18,2.465576565749618,2.0189322167236434,1.075679000726736,0.04784281892880473,1.734723475976807e-18,0.02502685269468469,0.013334206901528036,0.0005930635867373287,4.825589780274697e-18
218,0.0,5.829194128004539,59.9756292906178,0.0,5.551115123125783e-17,0.0,1.3877787807814457e-17,5.204170427930421e-18,2.487333664566174,2.041222632175345,1.087722493402635,0.04782822931623767,1.734723475976807e-18,0.02407083613729468,0.012826817363690374,0.0005640077924186055,4.825589780274697e-18
219,0.0,5.829194128004539,59.9743707093821,0.0,2.7755575615628914e-17,2.6020852139652106e-18,4.163336342344337e-17,3.469446951953614e-18,2.509064776142026,2.0634865917486653,1.0997589762381519,0.04781364418996203,3.469446951953614e-18,0.023148161899392394,0.01233707984053214,0.00053637274946926,3.217059853516465e-18
220,0.0,5.829194128004539,59.973112128146404,0.0,2.7755575615628914e-17,3.469446951953614e-18,2.7755575615628914e-17,3.469446951953614e-18,2.5307699233149026,2.0857241186463455,1.1117884435761618,0.04779906354857175,0.0,0.022257875056633483,0.01186448775525863,0.0005100893137193426,3.217059853516465e-18
221,0.0,5.829194128004539,59.97185354691071,0.0,5.551115123125783e-17,8.673617379884035e-19,0.0,5.204170427930421e-18,2.552449128904718,2.1079352360531787,1.1238108901507449,0.04778448739068862,0.0,0.021399032915362798,0.011408541314583435,0.00048509166744214316,4.825589780274697e-18
222,0.0,5.829194128004539,59.970594965675005,0.0,2.7755575615628914e-17,1.734723475976807e-18,1.3877787807814457e-17,0.0,2.5741024157136283,2.1301199671358506,1.1358263110659106,0.04776991571494663,1.734723475976807e-18,0.020570706213642143,0.010968748105806397,0.0004613171639078592,0.0
223,0.0,5.829194128004539,59.96933638443931,0.0,4.163336342344337e-17,1.734723475976807e-18,2.7755575615628914e-17,5.204170427930421e-18,2.5957298065260255,2.1522783350429786,1.1478347017756563,0.04775534851990111,1.734723475976807e-18,0.019771980166042355,0.010544623614840378,0.0004387061786500169,4.825589780274697e-18
224,0.0,5.829194128004539,59.96807780320361,0.0,0.0,8.673617379884035e-19,2.7755575615628914e-17,0.0,2.6173313241085796,2.1744103629052525,1.1598360580651885,0.04774078580422632,1.734723475976807e-18,0.019001955365400752,0.01013569167187482,0.0004172019672261819,0.0
225,0.0,5.829194128004539,59.96681922196792,0.0,0.0,8.673617379884035e-19,1.3877787807814457e-17,1.734723475976807e-18,2.6389069912101655,2.1965160738353027,1.1718303760335922,0.04772622756648124,0.0,0.018259748553765824,0.009741484830874355,0.00039675052924247127,1.6085299267582325e-18
226,0.0,5.829194128004539,59.965560640732214,0.0,1.3877787807814457e-17,8.673617379884035e-19,1.3877787807814457e-17,1.734723475976807e-18,2.6604568305619845,2.218595490927795,1.1838176520772812,0.04771167380529576,1.734723475976807e-18,0.017544493273847096,0.009361544688637957,0.00037730047842607844,1.6085299267582325e-18
227,0.0,5.829194128004539,59.96430205949652,0.0,1.3877787807814457e-17,8.673617379884035e-19,0.0,3.469446951953614e-18,2.681980864877524,2.2406486372593766,1.1957978828746936,0.04769712451929788,1.734723475976807e-18,0.016855340411432728,0.008995422148729457,0.00035880291851675655,3.217059853516465e-18
228,0.0,5.829194128004539,59.96304347826082,0.0,2.7755575615628914e-17,8.673617379884035e-19,2.0816681711721685e-17,3.469446951953614e-18,2.703479116852558,2.262675535888806,1.2077710653717877,0.04768257970709868,0.0,0.01619145863845398,0.00864267763517723,0.0003412113247598287,3.217059853516465e-18
229,0.0,5.829194128004539,59.961784897025126,0.0,4.163336342344337e-17,0.0,6.938893903907228e-18,0.0,2.7249516091651613,2.2846762098568183,1.2197371967685484,0.04766803936731462,3.469446951953614e-18,0.015552034765639721,0.008302881260481657,0.000324481430783061,0.0
230,0.0,5.829194128004539,59.96052631578942,0.0,5.551115123125783e-17,0.0,2.7755575615628914e-17,3.469446951953614e-18,2.746398364475789,2.3066506821862465,1.2316962745061366,0.04765350349853689,0.0,0.014936274013026192,0.007975612952114,0.00030857112064330264,3.217059853516465e-18
231,0.0,5.829194128004539,59.95926773455373,0.0,2.7755575615628914e-17,1.734723475976807e-18,6.938893903907228e-18,0.0,2.767819405427174,2.328598975882008,1.243648296254927,0.04763897209939959,8.673617379884035e-19,0.014343400205954164,0.0076604625413789155,0.00029344032583504765,0.0
232,0.0,5.829194128004539,59.95800915331803,0.0,2.7755575615628914e-17,8.673617379884035e-19,2.0816681711721685e-17,8.673617379884035e-19,2.789214754644451,2.350521113931062,1.2555932599032242,0.04762444516851203,1.734723475976807e-18,0.013772655903596283,0.007357029818209516,0.00027905092705533775,8.0426496337911625e-19
233,0.0,5.829194128004539,59.95675057208233,0.0,2.7755575615628914e-17,4.336808689942018e-19,0.0,8.673617379884035e-19,2.810584434735109,2.3724171193025234,1.2675311635466102,0.04760992270449709,8.673617379884035e-19,0.013223302466515824,0.007064924555189147,0.0002653666605280979,8.0426496337911625e-19
234,0.0,5.829194128004539,59.95549199084663,0.0,2.7755575615628914e-17,4.336808689942018e-19,6.938893903907228e-18,1.734723475976807e-18,2.831928468289004,2.394287014947602,1.2794620054779093,0.047595404705965016,1.734723475976807e-18,0.012694620069247825,0.006783766503839713,0.0002523530286938222,1.6085299267582325e-18
235,0.0,5.829194128004539,59.954233409610936,0.0,0.0,2.168404344971009e-18,1.3877787807814457e-17,1.734723475976807e-18,2.853246877878388,2.416130823799597,1.2913857841777625,0.04758089117151967,8.673617379884035e-19,0.012185907663429604,0.006513185365976297,0.00023997721507811997,1.6085299267582325e-18
236,0.0,5.829194128004539,59.95297482837523,0.0,1.3877787807814457e-17,1.3010426069826053e-18,1.3877787807814457e-17,1.734723475976807e-18,2.8745396860579464,2.4379485687740376,1.3033024983056691,0.04756638209979483,0.0,0.01169648289656547,0.006252820742707125,0.00022820800315796739,1.6085299267582325e-18
237,0.0,5.829194128004539,59.95171624713954,0.0,0.0,4.336808689942018e-19,6.938893903907228e-18,0.0,2.8952100881006744,2.471550067403004,1.3208110982463446,0.045911539835546175,8.673617379884035e-19,0.011279579144569661,0.006027874374946401,0.00020952957985927365,0.0
238,0.0,5.829194128004539,59.95045766590384,0.0,1.3877787807814457e-17,1.3010426069826053e-18,0.0,8.673617379884035e-19,2.91461739741818,2.5182517978872725,1.34457745845982,0.04274812490732644,1.734723475976807e-18,0.010932382786207527,0.005837158728099,0.00018558067357346306,8.0426496337911625e-19
239,0.0,5.829194128004539,59.949199084668145,0.0,2.7755575615628914e-17,0.0,0.0,0.0,2.9327773268582296,2.564708151656456,1.3682544456078605,0.04001657792606971,8.673617379884035e-19,0.01059120374928269,0.0056503355381527795,0.00016525222563445327,0.0
240,0.0,5.829194128004539,59.94794050343244,0.0,2.0816681711721685e-17,4.336808689942018e-19,1.3877787807814457e-17,8.673617379884035e-19,2.9497144587765707,2.610674081051051,1.3917128176524356,0.03780930191330173,8.673617379884035e-19,0.01025536821507051,0.005466989348939724,0.00014852421291882423,8.0426496337911625e-19
241,0.0,5.829194128004539,59.946681922196746,0.0,0.0,0.0,0.0,8.673617379884035e-19,2.9654620128444638,2.6559346393711163,1.4148385941700954,0.036220894172120814,8.673617379884035e-19,0.009924457664725354,0.005286841596969933,0.00013534697934992245,8.0426496337911625e-19
242,0.0,5.829194128004539,59.94542334096105,0.0,0.0,4.336808689942018e-19,0.0,8.673617379884035e-19,2.980061671602008,2.7003019008517875,1.4375315846677206,0.03533350288391922,8.673617379884035e-19,0.009598251444638668,0.0051097211037395675,0.0001255933068049691,8.0426496337911625e-19
243,0.0,5.829194128004539,59.944164759725346,0.0,2.0816681711721685e-17,4.336808689942018e-19,1.0408340855860843e-17,0.0,2.9935634566845133,2.743612139547434,1.4597040242826271,0.03519876610269854,4.336808689942018e-19,0.009276679377985165,0.004935539548333672,0.00011901378585141078,0.0
244,0.0,5.829194128004539,59.94290617848965,0.0,6.938893903907228e-18,0.0,3.469446951953614e-18,0.0,3.0060256487826833,2.7857232821265305,1.48127932920097,0.03582377863396493,0.0,0.008959782997710355,0.0047642712518464175,0.00011522080630826905,0.0
245,0.0,5.829194128004539,59.941647597253954,0.0,6.938893903907228e-18,4.336808689942018e-19,1.0408340855860843e-17,2.168404344971009e-18,3.0175147444173605,2.826512633309431,1.5021909753508484,0.03716888384315007,8.673617379884035e-19,0.0086476840947694,0.00459593665061303,0.00011371778843047155,2.0106624084477907e-18
246,0.0,5.829194128004539,59.94038901601826,0.0,6.938893903907228e-18,4.336808689942018e-19,3.469446951953614e-18,8.673617379884035e-19,3.0288897915515194,2.8426074014983773,1.510869414879979,0.03765656733432624,4.336808689942018e-19,0.008272844093911644,0.00439708526368187,0.0001095919578991306,8.0426496337911625e-19
247,0.0,5.829194128004539,59.939130434782555,0.0,6.938893903907228e-18,0.0,0.0,1.3010426069826053e-18,3.040467721293898,2.849442860628563,1.5149662749829393,0.03764501931901023,8.673617379884035e-19,0.0078883597369705,0.004194012496817499,0.00010421597105760235,1.2063974450686743e-18
248,0.0,5.829194128004539,59.93787185354686,0.0,6.938893903907228e-18,2.168404344971009e-19,6.938893903907228e-18,8.673617379884035e-19,3.052245303727361,2.856542687704485,1.5192057021322962,0.03763347486535553,4.336808689942018e-19,0.007522392964638169,0.004000662176255442,9.910364293891655e-05,8.0426496337911625e-19
249,0.0,5.829194128004539,59.93661327231116,0.0,0.0,0.0,3.469446951953614e-18,1.734723475976807e-18,3.064219321364984,2.8639038879160688,1.5235862203750448,0.037621933972232055,0.0,0.007174011105889322,0.003816547235355652,9.424204956061537e-05,1.6085299267582325e-18
250,0.0,5.829194128004539,59.93535469107546,0.0,0.0,0.0,6.938893903907228e-18,8.673617379884035e-19,3.076386570978957,2.871523427706581,1.5281063316782815,0.03761039663856239,4.336808689942018e-19,0.006842330655414749,0.003641206161541388,8.961889964027816e-05,8.0426496337911625e-19
251,0.0,5.829194128004539,59.934096109839764,0.0,6.938893903907228e-18,1.0842021724855044e-18,3.469446951953614e-18,0.0,3.0887438653405037,2.879398238000474,1.5327645176158424,0.03759886286322312,0.0,0.0065265145898408886,0.0034742016074708454,8.522250371614237e-05,0.0
252,0.0,5.829194128004539,59.93283752860407,0.0,3.469446951953614e-18,4.336808689942018e-19,6.938893903907228e-18,4.336808689942018e-19,3.1012880348711205,2.887525217396451,1.5375592410387147,0.03758733264510557,0.0,0.0062257698325469705,0.003315119078767302,8.1041744763982e-05,4.0213248168955813e-19
253,0.0,5.829194128004539,59.93157894736837,0.0,1.734723475976807e-17,0.0,3.469446951953614e-18,0.0,3.1140159292063823,2.895901235319212,1.542488947725499,0.03757580598315611,4.336808689942018e-19,0.005939344858956111,0.0031635656941387965,7.706605023861936e-05,0.0
254,0.0,5.829194128004539,59.93032036613267,0.0,0.0,6.505213034913027e-19,0.0,4.336808689942018e-19,3.1269244186732457,2.9045231351236622,1.5475520680099883,0.037564282876196085,2.168404344971009e-19,0.005666527434594175,0.0030191690139415362,7.328536547179485e-05,4.0213248168955813e-19
255,0.0,5.829194128004539,59.92906178489697,0.0,6.938893903907228e-18,2.168404344971009e-19,6.938893903907228e-18,4.336808689942018e-19,3.1400103956820082,2.913387737145933,1.5527470183825163,0.037552763323160356,4.336808689942018e-19,0.005406642478622166,0.0028815759334406684,6.96901283629162e-05,4.0213248168955813e-19
256,0.0,5.829194128004539,59.92780320366128,0.0,0.0,0.0,1.734723475976807e-18,0.0,3.1532707760346717,2.922491841695973,1.5580722030622942,0.03754124732296497,2.168404344971009e-19,0.005159050045930452,0.0027504516372257298,6.627124529916027e-05,0.0
257,0.0,5.829194128004539,59.926544622425574,0.0,0.0,0.0,6.938893903907228e-18,2.168404344971009e-19,3.1667025001510565,2.931832231986661,1.5635260155382227,0.037529734874479415,4.336808689942018e-19,0.004923143421250965,0.002625478611419696,6.302006824701217e-05,2.0106624084477906e-19
258,0.0,5.829194128004539,59.92528604118988,0.0,0.0,2.168404344971009e-19,1.734723475976807e-18,4.336808689942018e-19,3.1803025342145976,2.9414056769952746,1.569106840075788,0.03751822597659957,6.505213034913027e-19,0.004698347319093192,0.0025063557105022634,5.9928372958863364e-05,4.0213248168955813e-19
259,0.0,5.829194128004539,59.92402745995418,0.0,3.469446951953614e-18,4.336808689942018e-19,1.734723475976807e-18,2.168404344971009e-19,3.1940678712396458,2.9512089342531147,1.574813053187614,0.03750672062823799,0.0,0.004484116183639921,0.0023927972757350475,5.698833824075018e-05,2.0106624084477906e-19
260,0.0,5.829194128004539,59.922768878718486,0.0,3.469446951953614e-18,0.0,5.204170427930421e-18,2.168404344971009e-19,3.20799553206218,2.961238752559925,1.5806430250664643,0.037495218828310285,4.336808689942018e-19,0.004279932583054676,0.0022845323023386157,5.4192526230219914e-05,2.0106624084477906e-19
261,0.0,5.829194128004539,59.92151029748278,0.0,6.938893903907228e-18,3.2526065174565133e-19,0.0,4.336808689942018e-19,3.222082566256178,2.9714918746198977,1.5865951209778126,0.03748372057570006,2.168404344971009e-19,0.004085305692951782,0.002181303652721395,5.1533863635588814e-05,4.0213248168955813e-19
262,0.0,5.829194128004539,59.92025171624709,0.0,6.938893903907228e-18,5.421010862427522e-19,0.0,2.168404344971009e-19,3.236326052977604,2.9819650395965036,1.5926677026118912,0.03747222586928958,4.336808689942018e-19,0.0038997698640632493,0.00208286731321073,4.900562389027935e-05,2.0106624084477906e-19
263,0.0,5.829194128004539,59.91899313501139,0.0,0.0,0.0,3.469446951953614e-18,6.505213034913027e-19,3.2507231017383367,2.9926549855838407,1.5988591293925927,0.03746073470801212,4.336808689942018e-19,0.0037228832694059383,0.0019889916918676693,4.6601410177894e-05,6.031987225343372e-19
264,0.0,5.829194128004539,59.91773455377569,0.0,0.0,0.0,0.0,0.0,3.265270853112382,3.0035584519927596,1.6051677597431682,0.037449247090747435,0.0,0.003554226626509775,0.0018994569551023925,4.4315139285659204e-05,0.0
265,0.0,5.829194128004539,59.91647597253999,0.0,5.204170427930421e-18,1.0842021724855044e-19,0.0,0.0,3.279966479376453,3.014672181849863,1.6115919523073219,0.03743776301640121,2.168404344971009e-19,0.003393401990509098,0.0018140544009306893,4.214102624654531e-05,0.0
266,0.0,5.829194128004539,59.915217391304296,0.0,1.734723475976807e-18,1.0842021724855044e-19,0.0,4.336808689942018e-19,3.29480718508743,3.0259929240086385,1.6181300671250651,0.03742628248387904,2.168404344971009e-19,0.003240031614127783,0.0017325858668270368,4.00735697314205e-05,4.0213248168955813e-19
267,0.0,5.829194128004539,59.9139588100686,0.0,3.469446951953614e-18,3.2526065174565133e-19,3.469446951953614e-18,0.0,3.309790207599072,3.0375174352713548,1.6247804667628938,0.037414805492057585,2.168404344971009e-19,0.003093756870809606,0.00165486317024412,3.810753815499227e-05,0.0
268,0.0,5.829194128004539,59.9127002288329,0.0,1.734723475976807e-18,0.0,3.469446951953614e-18,0.0,3.3249128175201683,3.049242482421636,1.63154151739808,0.037403332039873886,1.0842021724855044e-19,0.002954237237449602,0.0015807075799740083,3.623795646095417e-05,0.0
269,0.0,5.829194128004539,59.9114416475972,0.0,1.734723475976807e-18,0.0,8.673617379884035e-19,0.0,3.340172319116679,3.0611648441674006,1.6384115898565332,0.03739186212620991,3.2526065174565133e-19,0.002821149333380205,0.001509949316624714,3.44600935530127e-05,0.0
270,0.0,5.829194128004539,59.910183066361505,0.0,0.0,1.0842021724855044e-19,8.673617379884035e-19,0.0,3.3555660506600566,3.0732813129939864,1.6453890606045845,0.03738039574997793,1.0842021724855044e-19,0.002694186012447338,0.0014424270805838085,3.2769450340757826e-05,0.0
271,0.0,5.829194128004539,59.9089244851258,0.0,1.734723475976807e-18,1.0842021724855044e-19,8.673617379884035e-19,1.0842021724855044e-19,3.371091384724246,3.085588696928098,1.652472312694554,0.03736893291009015,1.0842021724855044e-19,0.0025730555051924515,0.00137798760592747,3.1161748370157126e-05,1.0053312042238953e-19
272,0.0,5.829194128004539,59.907665903890106,0.0,0.0,1.0842021724855044e-19,1.734723475976807e-18,2.168404344971009e-19,3.3867457284335347,3.09808382121305,1.659659736664501,0.037357473605413985,1.0842021724855044e-19,0.0024574806083190173,0.0013164852388222097,2.9632919010288154e-05,2.0106624084477906e-19
273,0.0,5.829194128004539,59.90640732265441,0.0,1.734723475976807e-18,1.0842021724855044e-19,1.734723475976807e-18,3.2526065174565133e-19,3.4025265236635174,3.110763529896159,1.6669497313924644,0.03734601783490866,0.0,0.0023471979187801987,0.0012577815390442907,2.817909316937194e-05,3.015993612671686e-19
274,0.0,5.829194128004539,59.905148741418714,0.0,1.734723475976807e-18,1.0842021724855044e-19,8.673617379884035e-19,1.0842021724855044e-19,3.41843124719762,3.1236246873292393,1.6743407049056598,0.0373345655974156,0.0,0.00224195710997518,0.0012017449033205191,2.6796591513855684e-05,1.0053312042238953e-19
275,0.0,5.829194128004539,59.90389016018301,0.0,0.0,2.168404344971009e-19,0.0,1.0842021724855044e-19,3.4344574108411625,3.136664179583625,1.681831075145289,0.037323116891871254,3.2526065174565133e-19,0.0021415202476780535,0.001148250209264014,2.5481915166642638e-05,1.0053312042238953e-19
276,0.0,5.829194128004539,59.902631578947314,0.0,1.734723475976807e-18,1.0842021724855044e-19,0.0,1.0842021724855044e-19,3.450602561495272,3.1498789157809264,1.6894192706876598,0.03731167171719599,3.2526065174565133e-19,0.002045661143464944,0.0010971784787510185,2.423173686048212e-05,1.0053312042238953e-19
277,0.0,5.829194128004539,59.90137299771162,0.0,1.734723475976807e-18,5.421010862427522e-20,0.0,1.0842021724855044e-19,3.4668642811926715,3.1632658293412943,1.6971037314222401,0.03730023007226528,0.0,0.0019541647435184226,0.001048416559644431,2.3042892524630253e-05,1.0053312042238953e-19
278,0.0,5.829194128004539,59.900114416475915,0.0,1.734723475976807e-18,5.421010862427522e-20,1.734723475976807e-18,2.168404344971009e-19,3.4832401870974907,3.1768218791506664,1.7048829091877205,0.0372887919560063,1.0842021724855044e-19,0.0018668265508223355,0.0010018568248358446,2.1912373283632967e-05,2.0106624084477906e-19
279,0.0,5.829194128004539,59.89885583524022,0.0,2.6020852139652106e-18,5.421010862427522e-20,8.673617379884035e-19,1.0842021724855044e-19,3.4997279314710483,3.190544050649143,1.712755268366815,0.037277357367313274,0.0,0.001783452078859488,0.0009573968876327142,2.083731784790692e-05,1.0053312042238953e-19
280,0.0,5.829194128004539,59.89759725400452,0.0,8.673617379884035e-19,5.421010862427522e-20,1.734723475976807e-18,2.168404344971009e-19,3.516325201605576,3.2044293568422235,1.7207192864409022,0.03726592630508075,1.0842021724855044e-19,0.0017038563350404276,0.0009149393325736492,1.981500527714405e-05,2.0106624084477906e-19
281,0.0,5.829194128004539,59.89633867276883,0.0,3.469446951953614e-18,0.0,8.673617379884035e-19,1.0842021724855044e-19,3.5330297197277862,3.218474839236967,1.7287734545055125,0.03725449876824658,1.0842021724855044e-19,0.00162786333218695,0.0008743914608059616,1.884284809826643e-05,1.0053312042238953e-19
282,0.0,5.829194128004539,59.895080091533124,0.0,0.0,5.421010862427522e-20,0.0,0.0,3.5498392428741723,3.2326775687053524,1.7369162777475722,0.03724307475569786,5.421010862427522e-20,0.001555305626492143,0.0008356650492081533,1.791838576050679e-05,0.0
283,0.0,5.829194128004539,59.89382151029743,0.0,8.673617379884035e-19,0.0,1.3010426069826053e-18,0.0,3.566751562739771,3.2470346462769526,1.74514627588583,0.0372316542663438,0.0,0.0014860238804661318,0.0007986761224880844,1.70392784112993e-05,0.0
284,0.0,5.829194128004539,59.89256292906173,0.0,8.673617379884035e-19,0.0,4.336808689942018e-19,0.0,3.58376450550206,3.261543203863058,1.7534619835754093,0.03722023729908926,0.0,0.001419866449464916,0.0007633447375285272,1.620330097712783e-05,0.0
285,0.0,5.829194128004539,59.89130434782603,0.0,8.673617379884035e-19,5.421010862427522e-20,4.336808689942018e-19,5.421010862427522e-20,3.6008759316217813,3.2762004049149054,1.7618619507775988,0.037208823852845525,1.6263032587282567e-19,0.0013566889904732674,0.0007295947792960634,1.540833753450553e-05,5.0266560211194766e-20
286,0.0,5.829194128004539,59.89004576659033,0.0,0.0,5.421010862427522e-20,8.673617379884035e-19,0.0,3.618083735622175,3.2910034450178354,1.77034474309628,0.03719741392652774,0.0,0.0012963540918980135,0.0006973537676653625,1.465237595684573e-05,0.0
287,0.0,5.829194128004539,59.88878718535464,0.0,0.0,1.0842021724855044e-19,8.673617379884035e-19,0.0,3.6353858458481456,3.3059495524241513,1.7789089420818998,0.03718600751900111,1.0842021724855044e-19,0.0012387309231897661,0.0006665526745499406,1.3933502823712162e-05,0.0
288,0.0,5.829194128004539,59.88752860411894,0.0,8.673617379884035e-19,5.421010862427522e-20,1.3010426069826053e-18,5.421010862427522e-20,3.652780224207065,3.321035988526854,1.7875531455045928,0.03717460462925421,0.0,0.0011836949031843696,0.0006371257507641646,1.3249898579707905e-05,5.0266560211194766e-20
289,0.0,5.829194128004539,59.88627002288324,0.0,8.673617379884035e-19,2.710505431213761e-20,8.673617379884035e-19,1.6263032587282567e-19,3.6702648658922574,3.3362600482766243,1.7962759675971565,0.03716320525614683,1.6263032587282567e-19,0.0011311273861169715,0.0006090103620737125,1.2599832930539171e-05,1.507996806335843e-19
290,0.0,5.829194128004539,59.88501144164754,0.0,8.673617379884035e-19,2.710505431213761e-20,1.3010426069826053e-18,0.0,3.6878377990908153,3.3516190605444964,1.8050760392697038,0.037151809398570525,1.6263032587282567e-19,0.0010809153643217165,0.0005821468339240893,1.198166046494012e-05,0.0
291,0.0,5.829194128004539,59.883752860411846,0.0,0.0,2.710505431213761e-20,0.0,2.168404344971009e-19,3.70549708467691,3.3671103884323275,1.8139520082965006,0.03714041705546643,1.0842021724855044e-19,0.0010329511866860098,0.0005564783043640228,1.139381649121465e-05,2.0106624084477906e-19
292,0.0,5.829194128004539,59.88249427917614,0.0,1.734723475976807e-18,2.710505431213761e-20,4.336808689942018e-19,5.421010862427522e-20,3.7232408158919266,3.382731429533686,1.8229025394767673,0.03712902822575152,1.0842021724855044e-19,0.0009871322919836239,0.0005319505847096657,1.0834813077862872e-05,5.0266560211194766e-20
293,0.0,5.829194128004539,59.88123569794045,0.0,1.734723475976807e-18,2.710505431213761e-20,4.336808689942018e-19,5.421010862427522e-20,3.741067118012465,3.398479616147277,1.831926314770326,0.03711764290830574,1.0842021724855044e-19,0.0009433609562573271,0.0005085120275207732,1.0303235288400963e-05,5.0266560211194766e-20
294,0.0,5.829194128004539,59.87997711670475,0.0,4.336808689942018e-19,5.421010862427522e-20,4.336808689942018e-19,5.421010862427522e-20,3.7589741480074896,3.4143524154452303,1.8410220334092704,0.03710626110206951,5.421010862427522e-20,0.0009015440534751449,0.0004861134014839203,9.797737600823223e-06,5.0266560211194766e-20
295,0.0,5.829194128004539,59.878718535469055,0.0,0.0,5.421010862427522e-20,4.336808689942018e-19,0.0,3.776960094185612,3.4303473295982054,1.850188411986985,0.03709488280593322,5.421010862427522e-20,0.0008615928287207573,0.0004647077728238977,9.317040502592202e-06,0.0
296,0.0,5.829194128004539,59.87745995423335,0.0,4.336808689942018e-19,0.0,0.0,0.0,3.795023175833485,3.4464618958600846,1.85942418452536,0.037083508018816366,8.131516293641283e-20,0.0008234226832291247,0.0004442503928803821,8.859927252665161e-06,0.0
297,0.0,5.829194128004539,59.876201372997656,0.0,0.0,2.710505431213761e-20,0.0,1.0842021724855044e-19,3.813161642846411,3.462693686613656,1.8687281025215348,0.037072136739626754,1.0842021724855044e-19,0.0007869529706137562,0.00042469859151382543,8.425240802278174e-06,1.0053312042238953e-19
298,0.0,5.829194128004539,59.87494279176196,0.0,8.673617379884035e-19,0.0,2.168404344971009e-19,2.710505431213761e-20,3.8313737753519614,3.479040309380004,1.8780989349751784,0.03706076896727906,2.710505431213761e-20,0.0007521068036664091,0.00040601167602030003,8.011880866755678e-06,2.5133280105597383e-20
299,0.0,5.829194128004539,59.87368421052626,0.0,1.3010426069826053e-18,2.710505431213761e-20,4.336808689942018e-19,5.421010862427522e-20,3.849657883327493,3.495499406793115,1.887535468397307,0.037049404700710255,2.710505431213761e-20,0.0007188108711541217,0.00038815083525290414,7.61880114094695e-06,5.0266560211194766e-20
300,0.0,5.829194128004539,59.87242562929056,0.0,0.0,0.0,2.168404344971009e-19,8.131516293641283e-20,3.868012306212535,3.51206865654209,1.8970365068016735,0.037038043938796984,0.0,0.0006869952640612547,0.00037107904866740275,7.245006651180283e-06,7.539984031679215e-20
301,0.0,5.829194128004539,59.871167048054865,0.0,8.673617379884035e-19,2.710505431213761e-20,2.168404344971009e-19,2.710505431213761e-20,3.886435412516454,3.528745771282727,1.9066008716798704,0.03702668668045766,2.710505431213761e-20,0.0006565933107655986,0.00035476100002232723,6.8895512371700615e-06,2.5133280105597383e-20
302,0.0,5.829194128004539,59.86990846681917,0.0,0.0,2.710505431213761e-20,6.505213034913027e-19,0.0,3.9049255994226333,3.5455284985199613,1.9162274019608263,0.037015332924604405,8.131516293641283e-20,0.0006275414206551672,0.0003391629954820048,6.551535157375771e-06,0.0
303,0.0,5.829194128004539,59.868649885583466,0.0,4.336808689942018e-19,6.776263578034403e-20,2.168404344971009e-19,8.131516293641283e-20,3.923481292389389,3.5624146204638323,1.9259149539559557,0.037003982670172846,8.131516293641283e-20,0.0005997789357350367,0.0003242528858837206,6.2301028118340335e-06,7.539984031679215e-20
304,0.0,5.829194128004539,59.86739130434777,0.0,8.673617379884035e-19,1.3552527156068805e-20,4.336808689942018e-19,0.0,3.942100944748661,3.5794019538596893,1.9356624012905115,0.036992635916082345,2.710505431213761e-20,0.0005732479897841237,0.0003099999929440162,5.924440576684216e-06,0.0
305,0.0,5.829194128004539,59.866132723112074,0.0,4.336808689942018e-19,2.710505431213761e-20,0.0,0.0,3.960783037302712,3.596488349795121,1.9454686348224863,0.03698129266121087,5.421010862427522e-20,0.0005478933746590667,0.000296375039192679,5.633774744901916e-06,0.0
306,0.0,5.829194128004539,59.86487414187637,0.0,2.168404344971009e-19,1.3552527156068805e-20,2.168404344971009e-19,2.710505431213761e-20,3.9795260779197843,3.6136716934848296,1.9553325625493474,0.036969952904503355,5.421010862427522e-20,0.0005236624133572076,0.00028335008143286856,5.357369568071892e-06,2.5133280105597383e-20
307,0.0,5.829194128004539,59.863615560640675,0.0,8.673617379884035e-19,2.710505431213761e-20,2.168404344971009e-19,0.0,3.9983286011289305,3.630949904034971,1.9652531095038441,0.03695861664483815,2.710505431213761e-20,0.0005005048394763878,0.00027089844754109885,5.094525394176196e-06,0.0
308,0.0,5.829194128004539,59.86235697940498,0.0,2.168404344971009e-19,4.0657581468206416e-20,0.0,2.710505431213761e-20,4.01718916771472,3.6483209341887344,1.97522921763958,0.03694728388118535,0.0,0.0004783726827293205,0.0002589946764257447,4.844576896778982e-06,2.5133280105597383e-20
309,0.0,5.829194128004539,59.86109839816928,0.0,6.505213034913027e-19,0.0,4.336808689942018e-19,0.0,4.036106364312205,3.6657827700543044,1.9852598457068038,0.03693595461241929,2.710505431213761e-20,0.00045722016019039853,0.00024761446097907,4.606891391008873e-06,0.0
310,0.0,5.829194128004539,59.85983981693358,0.0,4.336808689942018e-19,0.0,2.168404344971009e-19,2.710505431213761e-20,4.055078803002731,3.683333430816706,1.9953439691196144,0.03692462883746793,4.0657581468206416e-20,0.000437003572966026,0.0002367345938616754,4.380867232222904e-06,2.5133280105597383e-20
311,0.0,5.829194128004539,59.85858123569788,0.0,2.168404344971009e-19,2.710505431213761e-20,1.0842021724855044e-19,5.421010862427522e-20,4.074105120910609,3.700970968434935,2.0054805798150017,0.03691330655526534,2.710505431213761e-20,0.0004176812080064567,0.000226332915971204,4.165932293177948e-06,5.0266560211194766e-20
312,0.0,5.829194128004539,59.85732265446219,0.0,2.168404344971009e-19,1.3552527156068805e-20,1.0842021724855044e-19,5.421010862427522e-20,4.093183979801569,3.7186934673253806,2.0156686861041577,0.03690198776470717,0.0,0.00039921324478155005,0.00021638826745325513,3.961542515907938e-06,5.0266560211194766e-20
313,0.0,5.829194128004539,59.856064073226484,0.0,6.505213034913027e-19,1.3552527156068805e-20,0.0,1.3552527156068805e-20,4.112314065682916,3.7364990440330073,2.0259073125173197,0.0368906724647085,0.0,0.0003815616665687946,0.0002068804411210433,3.767180534664929e-06,1.2566640052798691e-20
314,0.0,5.829194128004539,59.85480549199079,0.0,4.336808689942018e-19,1.3552527156068805e-20,1.0842021724855044e-19,1.3552527156068805e-20,4.1314940884059155,3.754385846891236,2.0361954996419525,0.03687936065419503,0.0,0.00036469017610785625,0.00019779013815788201,3.5823543663902175e-06,1.2566640052798691e-20
315,0.0,5.829194128004539,59.85354691075509,0.0,2.168404344971009e-19,1.3552527156068805e-20,2.168404344971009e-19,4.0657581468206416e-20,4.150722781270696,3.77235205567175,2.0465323039556664,0.036868052332105834,2.710505431213761e-20,0.00034856411539656187,0.00018909892598344168,3.4065961654383515e-06,3.769992015839607e-20
316,0.0,5.829194128004539,59.852288329519396,0.0,2.168404344971009e-19,0.0,3.2526065174565133e-19,0.0,4.169998900633854,3.7903958812251193,2.0569167976536185,0.03685674749729529,2.710505431213761e-20,0.0003331503894082258,0.00018078919817134025,3.2394610393767165e-06,0.0
317,0.0,5.829194128004539,59.85102974828369,0.0,4.336808689942018e-19,2.710505431213761e-20,0.0,1.3552527156068805e-20,4.1893212255190955,3.808515565113438,2.0673480684715226,0.036845446148753,2.710505431213761e-20,0.00031841739353021133,0.0001728441363118392,3.080525922911192e-06,1.2566640052798691e-20
318,0.0,5.829194128004539,59.849771167048,0.0,2.168404344971009e-19,1.3552527156068805e-20,1.0842021724855044e-19,1.3552527156068805e-20,4.20868855723117,3.826709379235641,2.077825219504536,0.03683414828538685,0.0,0.0003043349445291714,0.00016524767371946177,2.9293885070130216e-06,1.2566640052798691e-20
319,0.0,5.829194128004539,59.8485125858123,0.0,2.168404344971009e-19,1.3552527156068805e-20,0.0,4.0657581468206416e-20,4.228099718973155,3.8449756254465055,2.088347369022267,0.036822853906090885,1.3552527156068805e-20,0.00029087421486084005,0.00015798446088988345,2.7856662206086204e-06,3.769992015839607e-20
320,0.0,5.829194128004539,59.8472540045766,0.0,1.0842021724855044e-19,6.776263578034403e-21,2.168404344971009e-19,2.710505431213761e-20,4.247553555467593,3.863312635170316,2.0989136502808514,0.036811563009778066,1.3552527156068805e-20,0.000278007670153138,0.00015103983261799872,2.6489952622201624e-06,2.5133280105597383e-20
321,0.0,5.829194128004539,59.8459954233409,0.0,1.0842021724855044e-19,2.0328790734103208e-20,2.168404344971009e-19,1.3552527156068805e-20,4.2670489325812495,3.8817187690097503,2.1095232113320397,0.036800275595399876,0.0,0.0002657090096993475,0.00014439977669057549,2.5190296791149467e-06,1.2566640052798691e-20
322,0.0,5.829194128004539,59.844736842105206,0.0,0.0,0.0,1.0842021724855044e-19,1.3552527156068805e-20,4.286584736953996,3.9001924163508117,2.1201752148298865,0.03678899166184268,1.3552527156068805e-20,0.0002539531098080408,0.00013805090407504106,2.3954404916174396e-06,1.2566640052798691e-20
323,0.0,5.829194128004539,59.84347826086951,0.0,1.0842021724855044e-19,0.0,0.0,1.3552527156068805e-20,4.306159875631808,3.9187319949644985,2.1308688378355325,0.03677771120804384,2.710505431213761e-20,0.0002427159698644427,0.00013198042052730308,2.277914860400747e-06,1.2566640052798691e-20
324,0.0,5.829194128004539,59.84221967963381,0.0,3.2526065174565133e-19,6.776263578034403e-21,0.0,1.3552527156068805e-20,4.32577327570395,3.937335950606115,2.1416032716200823,0.03676643423294047,6.776263578034403e-21,0.0002319746609652866,0.00012617609954770188,2.1661552946165938e-06,1.2566640052798691e-20
325,0.0,5.829194128004539,59.84096109839811,0.0,1.0842021724855044e-19,6.776263578034403e-21,5.421010862427522e-20,1.3552527156068805e-20,4.345423883944709,3.956002756612213,2.1523777214663524,0.036755160735421205,6.776263578034403e-21,0.00022170727699779698,0.00012062625661701768,2.0598788988811907e-06,1.2566640052798691e-20
326,0.0,5.829194128004539,59.839702517162415,0.0,1.0842021724855044e-19,1.3552527156068805e-20,1.0842021724855044e-19,6.776263578034403e-21,4.365110666459375,3.974730913496553,2.163191406469486,0.03674389071445229,0.0,0.0002118928880386917,0.00011531972464872985,1.958816657203478e-06,6.283320026399346e-21
327,0.0,5.829194128004539,59.83844393592671,0.0,1.0842021724855044e-19,1.3552527156068805e-20,5.421010862427522e-20,6.776263578034403e-21,4.384832608335022,3.9935189485450935,2.1740435593367256,0.03673262416890443,2.710505431213761e-20,0.0002025114959592914,0.00011024583059572131,1.8627127520364096e-06,6.283320026399346e-21
328,0.0,5.829194128004539,59.837185354691016,0.0,0.0,0.0,5.421010862427522e-20,0.0,4.404588713295736,4.01236541541052,2.1849334261868805,0.03672136109774357,6.776263578034403e-21,0.00019354399212322086,0.00010539437315542517,1.7713239167493872e-06,0.0
329,0.0,5.829194128004539,59.83592677345532,0.0,2.168404344971009e-19,0.0,0.0,6.776263578034403e-21,4.424378003362678,4.031268893707195,2.195860266349419,0.036710101499871556,6.776263578034403e-21,0.00018497211707441523,0.00010075560151796357,1.6844188198523393e-06,6.283320026399346e-21
330,0.0,5.829194128004539,59.834668192219624,0.0,0.0,6.776263578034403e-21,5.421010862427522e-20,6.776263578034403e-21,4.44419951851886,4.050227988606534,2.206823352163687,0.03669884537418024,1.3552527156068805e-20,0.00017677842211716159,9.632019510616417e-05,1.601777479445672e-06,6.283320026399346e-21
331,0.0,5.829194128004539,59.83340961098392,0.0,0.0,3.3881317890172014e-21,5.421010862427522e-20,6.776263578034403e-21,4.464052316378741,4.06924133043345,2.217821968778324,0.03668759271965317,2.0328790734103208e-20,0.0001689462326933194,9.207924425801278e-05,1.523190706390906e-06,6.283320026399346e-21
332,0.0,5.829194128004539,59.832151029748225,0.0,0.0,3.3881317890172014e-21,5.421010862427522e-20,2.710505431213761e-20,4.483935471862639,4.088307574264184,2.2288554139510968,0.0366763435351955,6.776263578034403e-21,0.00016145961346844117,8.80242318066447e-05,1.4484595747902066e-06,2.5133280105597383e-20
333,0.0,5.829194128004539,59.83089244851253,0.0,1.0842021724855044e-19,1.3552527156068805e-20,5.421010862427522e-20,6.776263578034403e-21,4.503848076876012,4.107425399526019,2.2399229978494444,0.0366650978197213,0.0,0.0001543033350437522,8.414701551230094e-05,1.3773949184678338e-06,6.283320026399346e-21
334,0.0,5.829194128004539,59.829633867276826,0.0,1.6263032587282567e-19,6.776263578034403e-21,5.421010862427522e-20,0.0,4.523789239993696,4.126593509598886,2.2510240428518253,0.036653855572137045,1.3552527156068805e-20,0.00014746284221333489,8.043981130619575e-05,1.3098168521255717e-06,0.0
335,0.0,5.829194128004539,59.82837528604113,0.0,1.0842021724855044e-19,6.776263578034403e-21,5.421010862427522e-20,0.0,4.543758086148956,4.145810631419653,2.26215788335002,0.03664261679140333,0.0,0.00014092422369203715,7.689517730600683e-05,1.2455543160226468e-06,0.0
336,0.0,5.829194128004539,59.827116704805434,0.0,1.6263032587282567e-19,6.776263578034403e-21,5.421010862427522e-20,0.0,4.563753756327459,4.165075515088765,2.2733238655526025,0.03663138147641599,6.776263578034403e-21,0.0001346741832422777,7.350599856579305e-05,1.1844446429605254e-06,0.0
337,0.0,5.829194128004539,59.82585812356974,0.0,5.421010862427522e-20,6.776263578034403e-21,0.0,0.0,4.58377540726623,4.1843869334802,2.284521347289715,0.03662014962612896,6.776263578034403e-21,0.00012870001213170437,7.026547252565362e-05,1.1263331465443735e-06,0.0
338,0.0,5.829194128004539,59.824599542334035,0.0,5.421010862427522e-20,1.0164395367051604e-20,5.421010862427522e-20,0.0,4.603822211157341,4.203743681854269,2.2957496978192786,0.03660892123944673,1.6940658945086007e-20,0.00012298956285783702,6.716709512633738e-05,1.071072729618279e-06,0.0
339,0.0,5.829194128004539,59.82334096109834,0.0,1.0842021724855044e-19,0.0,8.131516293641283e-20,1.3552527156068805e-20,4.623893355356683,4.2231445774741125,2.307008297634645,0.03659769631529013,0.0,0.00011753122407947952,6.42046475578145e-05,1.0185235119269714e-06,1.2566640052798691e-20
340,0.0,5.829194128004539,59.82208237986264,0.0,1.6263032587282567e-19,3.3881317890172014e-21,0.0,1.0164395367051604e-20,4.643988042097427,4.2425884592256216,2.318296538274054,0.03658647485262151,3.3881317890172014e-21,0.00011231389669478248,6.137218361149537e-05,9.685524760456361e-07,9.424980039599018e-21
341,0.0,5.829194128004539,59.82082379862694,0.0,1.0842021724855044e-19,6.776263578034403e-21,2.710505431213761e-20,0.0,4.664105488208433,4.262074187241241,2.3296138221316443,0.03657525685032019,1.3552527156068805e-20,0.00010732697101373817,5.866401760656966e-05,9.210331306627629e-07,0.0
342,0.0,5.829194128004539,59.81956521739124,0.0,0.0,3.3881317890172014e-21,8.131516293641283e-20,0.0,4.684244924837436,4.281600642527643,2.340959562270517,0.03656404230733078,3.3881317890172014e-21,0.00010256030497118166,5.6074712864823614e-05,8.758451904102806e-07,0.0
343,0.0,5.829194128004539,59.81830663615555,0.0,1.0842021724855044e-19,3.3881317890172014e-21,5.421010862427522e-20,3.3881317890172014e-21,4.704405597178975,4.301166726597619,2.35233318223763,0.03655283122260472,3.3881317890172014e-21,9.800420333189049e-05,5.359907070585707e-05,8.32874271379392e-07,3.141660013199673e-21
344,0.0,5.829194128004539,59.81704805491985,0.0,5.421010862427522e-20,0.0,5.421010862427522e-20,3.3881317890172014e-21,4.724586764207174,4.320771361106034,2.363734115880537,0.03654162359503955,1.0164395367051604e-20,9.364939784040805e-05,5.123211994034447e-05,7.920116015835035e-07,3.141660013199673e-21
345,0.0,5.829194128004539,59.81578947368415,0.0,5.421010862427522e-20,5.082197683525802e-21,2.710505431213761e-20,3.3881317890172014e-21,4.744787698413156,4.340413487490324,2.3751618071665104,0.036530419423564796,3.3881317890172014e-21,8.948702827003824e-05,4.896910683658971e-05,7.531537456267913e-07,3.141660013199673e-21
346,0.0,5.829194128004539,59.81453089244845,0.0,5.421010862427522e-20,1.6940658945086007e-21,2.710505431213761e-20,3.3881317890172014e-21,4.765007685547103,4.360092066615341,2.3866157100035625,0.03651921870713696,3.3881317890172014e-21,8.550862433118717e-05,4.6805485538261205e-05,7.162023428830904e-07,3.141660013199673e-21
347,0.0,5.829194128004539,59.81327231121276,0.0,5.421010862427522e-20,1.6940658945086007e-21,0.0,3.3881317890172014e-21,4.785246024365044,4.379806078422673,2.398095288063655,0.03650802144465623,3.3881317890172014e-21,8.170608839535883e-05,4.473690891299643e-05,6.810638585096967e-07,3.141660013199673e-21
348,0.0,5.829194128004539,59.81201372997705,0.0,2.710505431213761e-20,1.6940658945086007e-21,0.0,3.3881317890172014e-21,4.805502026380077,4.399554521584807,2.4096000146082246,0.03649682763505506,0.0,7.807167900006102e-05,4.27592198109895e-05,6.476493466923529e-07,3.141660013199673e-21
349,0.0,5.829194128004539,59.81075514874136,0.0,1.0842021724855044e-19,1.6940658945086007e-21,0.0,6.776263578034403e-21,4.8257750156182775,4.419336413163674,2.4211293723159857,0.03648563727728687,6.776263578034403e-21,7.459799509504744e-05,4.0868442715198305e-05,6.158742254929268e-07,6.283320026399346e-21
350,0.0,5.829194128004539,59.80949656750566,0.0,2.710505431213761e-20,1.6940658945086007e-21,0.0,3.3881317890172014e-21,4.846064328378982,4.439150788274272,2.432682853112841,0.0364744503702478,0.0,7.127796099805028e-05,3.90607757643065e-05,5.856580627507124e-07,3.141660013199673e-21
351,0.0,5.829194128004539,59.808237986269965,0.0,0.0,6.776263578034403e-21,2.710505431213761e-20,3.3881317890172014e-21,4.866369312999549,4.458996699752801,2.4442599580043924,0.036463266912885664,6.776263578034403e-21,6.810481202465915e-05,3.733258313203961e-05,5.569243724807424e-07,3.141660013199673e-21
352,0.0,5.829194128004539,59.80697940503426,0.0,5.421010862427522e-20,3.3881317890172014e-21,2.710505431213761e-20,3.3881317890172014e-21,4.886689329624388,4.478873217829904,2.4558601969106957,0.0364520869041551,3.3881317890172014e-21,6.507208076301223e-05,3.568038774573589e-05,5.296004212769417e-07,3.141660013199673e-21
353,0.0,5.829194128004539,59.805720823798566,0.0,2.710505431213761e-20,1.6940658945086007e-21,4.0657581468206416e-20,6.776263578034403e-21,4.907023749978549,4.498779429808423,2.467483088503204,0.036440910342922024,1.6940658945086007e-21,6.217358396285712e-05,3.410086432856079e-05,5.03617044187137e-07,6.283320026399346e-21
354,0.0,5.829194128004539,59.80446224256287,0.0,2.710505431213761e-20,3.3881317890172014e-21,1.3552527156068805e-20,1.6940658945086007e-21,4.927371957145286,4.518714439746408,2.479128160044482,0.03642973722818787,3.3881317890172014e-21,5.9403410010247874e-05,3.259083275181672e-05,4.789084696512361e-07,1.5708300065998364e-21
355,0.0,5.829194128004539,59.80320366132717,0.0,2.710505431213761e-20,1.6940658945086007e-21,1.3552527156068805e-20,6.776263578034403e-21,4.947733345348009,4.53867736814483,2.490794947229963,0.036418567558843006,1.6940658945086007e-21,5.67559069609101e-05,3.1147251680857706e-05,4.5541215300468695e-07,6.283320026399346e-21
356,0.0,5.829194128004539,59.80194508009147,0.0,0.0,0.0,1.3552527156068805e-20,3.3881317890172014e-21,4.968107319736338,4.558667351640114,2.5024829940323596,0.03640740133379753,0.0,5.422567110871724e-05,2.9767212503517012e-05,4.330686181643375e-07,3.141660013199673e-21
357,0.0,5.829194128004539,59.800686498855775,0.0,0.0,0.0,2.710505431213761e-20,0.0,4.9884932961762,4.578683542701824,2.5141918525483504,0.03639623855206965,0.0,5.180753606052106e-05,2.844793352692489e-05,4.1182130707711035e-07,0.0
358,0.0,5.829194128004539,59.79942791762008,0.0,0.0,8.470329472543003e-22,0.0,5.082197683525802e-21,5.008890701044036,4.598725109335017,2.5259210828477814,0.0363850792124988,1.6940658945086007e-21,4.949656229914813e-05,2.718675443029429e-05,3.9161643655180046e-07,4.712490019799509e-21
359,0.0,5.829194128004539,59.798169336384376,0.0,2.710505431213761e-20,8.470329472543003e-22,0.0,1.6940658945086007e-21,5.029298971024867,4.6187912347876265,2.53767025282516,0.0363739233140735,3.3881317890172014e-21,4.728802720927708e-05,2.5981130963368457e-05,3.724028621222874e-07,1.5708300065998364e-21
360,0.0,5.829194128004539,59.79691075514868,0.0,5.421010862427522e-20,8.470329472543003e-22,0.0,1.6940658945086007e-21,5.049717552914373,4.638881117262613,2.5494389380536853,0.03636277085571337,3.3881317890172014e-21,4.517741554463451e-05,2.482862987837519e-05,3.54131948584012e-07,1.5708300065998364e-21
361,0.0,5.829194128004539,59.795652173912984,0.0,0.0,8.470329472543003e-22,1.3552527156068805e-20,0.0,5.070145903424734,4.658993969635044,2.561226721641658,0.03635162183632929,1.6940658945086007e-21,4.316041031995912e-05,2.3726924084682004e-05,3.3675744688077086e-07,0.0
362,0.0,5.829194128004539,59.79439359267728,0.0,4.0657581468206416e-20,8.470329472543003e-22,1.3552527156068805e-20,1.6940658945086007e-21,5.090583488994309,4.679129019173966,2.57303319409116,0.03634047625487215,1.6940658945086007e-21,4.123288410387529e-05,2.267378801755758e-05,3.2023537704493475e-07,1.5708300065998364e-21
363,0.0,5.829194128004539,59.793135011441585,0.0,4.0657581468206416e-20,1.6940658945086007e-21,1.3552527156068805e-20,3.3881317890172014e-21,5.111029785600981,4.6992855072690665,2.584857953159292,0.03632933411028645,1.6940658945086007e-21,3.939089069913226e-05,2.1667093209859987e-05,3.0452391685994225e-07,3.141660013199673e-21
364,0.0,5.829194128004539,59.79187643020589,0.0,4.0657581468206416e-20,8.470329472543003e-22,1.3552527156068805e-20,1.6940658945086007e-21,5.131484278579272,4.719462689162101,2.596700603721633,0.03631819540150172,3.3881317890172014e-21,3.7630657188777936e-05,2.070480405850223e-05,2.8958329599833587e-07,1.5708300065998364e-21
365,0.0,5.829194128004539,59.79061784897019,0.0,1.3552527156068805e-20,8.470329472543003e-22,1.3552527156068805e-20,0.0,5.151946462440866,4.739659833683007,2.6085607576382213,0.036307060127447686,8.470329472543003e-22,3.594857633448114e-05,1.978497377649121e-05,2.753756953606515e-07,0.0
366,0.0,5.829194128004539,59.78935926773449,0.0,4.0657581468206416e-20,1.6940658945086007e-21,2.0328790734103208e-20,1.6940658945086007e-21,5.172415840698855,4.759876222990787,2.6204380336216038,0.03629592828705018,1.6940658945086007e-21,3.4341199310071e-05,1.8905740522763677e-05,2.6186515133120183e-07,1.5708300065998364e-21
367,0.0,5.829194128004539,59.788100686498794,0.0,4.0657581468206416e-20,8.470329472543003e-22,0.0,0.0,5.19289192569537,4.780111152318903,2.6323320571074857,0.03628479987925611,0.0,3.280522875558742e-05,1.8065323701127305e-05,2.490174647525744e-07,0.0
368,0.0,5.829194128004539,59.7868421052631,0.0,2.710505431213761e-20,0.0,6.776263578034403e-21,1.6940658945086007e-21,5.21337423843268,4.800363929725371,2.6442424601274763,0.03627367490300908,8.470329472543003e-22,3.1337512136554703e-05,1.7262020421654326e-05,2.3680011435675947e-07,1.5708300065998364e-21
369,0.0,5.829194128004539,59.785583524027395,0.0,2.710505431213761e-20,8.470329472543003e-22,2.710505431213761e-20,1.6940658945086007e-21,5.233862308407518,4.820633875847363,2.656168881184185,0.036262553357231685,1.6940658945086007e-21,2.993503539667491e-05,1.649420211644159e-05,2.2518217443605535e-07,1.5708300065998364e-21
370,0.0,5.829194128004539,59.7843249427917,0.0,1.3552527156068805e-20,8.470329472543003e-22,2.0328790734103208e-20,1.6940658945086007e-21,5.254355673448937,4.84092032366028,2.668110965128588,0.03625143524086587,8.470329472543003e-22,2.859491688877479e-05,1.576031130380684e-05,2.1413423657076456e-07,1.5708300065998364e-21
371,0.0,5.829194128004539,59.783066361556,0.0,1.3552527156068805e-20,0.0,0.0,3.3881317890172014e-21,5.274853879559144,4.861222618241327,2.6800683630395676,0.036240320552845456,0.0,2.731440157322217e-05,1.5058858493159454e-05,2.0362833518667296e-07,3.141660013199673e-21
372,0.0,5.829194128004539,59.78180778032031,0.0,0.0,0.0,1.3552527156068805e-20,1.6940658945086007e-21,5.295356480757662,4.881540116537351,2.6920407321056374,0.03622920929209161,8.470329472543003e-22,2.6090855471267215e-05,1.4388419225832543e-05,1.936378767593515e-07,1.5708300065998364e-21
373,0.0,5.829194128004539,59.780549199084604,0.0,1.3552527156068805e-20,1.6940658945086007e-21,2.0328790734103208e-20,1.6940658945086007e-21,5.315863038928634,4.901872187137184,2.7040277355089475,0.036218101457593764,2.541098841762901e-21,2.492176036111981e-05,1.3747631244005405e-05,1.8413757250256764e-07,1.5708300065998364e-21
374,0.0,5.829194128004539,59.77929061784891,0.0,2.710505431213761e-20,4.235164736271502e-22,0.0,0.0,5.3363731236710565,4.922218210048163,2.716029042311308,0.036206997048229196,1.6940658945086007e-21,2.3804708707411517e-05,1.3135191784323478e-05,1.7510337435723785e-07,0.0
375,0.0,5.829194128004539,59.77803203661321,0.0,1.3552527156068805e-20,8.470329472543003e-22,6.776263578034403e-21,1.6940658945086007e-21,5.356886312152151,4.94257757647688,2.728044327342379,0.036195896062953384,8.470329472543003e-22,2.2737398813737056e-05,1.254985498816137e-05,1.6651241411379006e-07,1.5708300065998364e-21
376,0.0,5.829194128004539,59.77677345537751,0.0,1.3552527156068805e-20,8.470329472543003e-22,1.3552527156068805e-20,8.470329472543003e-22,5.3774021889635835,4.96294968861408,2.7400732710900404,0.036184798500737324,8.470329472543003e-22,2.1717630186498504e-05,1.1990429425885268e-05,1.583429455298762e-07,7.854150032999182e-22
377,0.0,5.829194128004539,59.77551487414181,0.0,1.3552527156068805e-20,0.0,0.0,0.0,5.3979203459806575,4.983333959423687,2.7521155595926468,0.03617370436048568,8.470329472543003e-22,2.0743299102350622e-05,1.1455775727959244e-05,1.5057428927996443e-07,0.0
378,0.0,5.829194128004539,59.77425629290612,0.0,6.776263578034403e-21,4.235164736271502e-22,1.3552527156068805e-20,8.470329472543003e-22,5.418440382224275,5.003729812435903,2.7641708843334793,0.036162613641133275,8.470329472543003e-22,1.98123943703698e-05,1.094480432004731e-05,1.431867806164219e-07,7.854150032999182e-22
379,0.0,5.829194128004539,59.77299771167042,0.0,1.3552527156068805e-20,0.0,6.776263578034403e-21,1.6940658945086007e-21,5.438961903725714,5.024136681544222,2.776238942137168,0.03615152634165261,1.2705494208814505e-21,1.892299327912508e-05,1.0456473255652218e-05,1.3616171958520835e-07,1.5708300065998364e-21
380,0.0,5.829194128004539,59.77173913043472,0.0,0.0,0.0,1.0164395367051604e-20,1.6940658945086007e-21,5.459484523394129,5.044554010806396,2.7883194350679696,0.036140442460971436,4.235164736271502e-22,1.807325772166704e-05,9.98978614409492e-06,1.2948132369580956e-07,1.5708300065998364e-21
381,0.0,5.829194128004539,59.77048054919902,0.0,6.776263578034403e-21,0.0,3.3881317890172014e-21,0.0,5.4800078608867056,5.064981254249278,2.800412070330148,0.03612936199801054,8.470329472543003e-22,1.7261430489846278e-05,9.543790167872656e-06,1.231286829041015e-07,0.0
382,0.0,5.829194128004539,59.769221967963325,0.0,0.0,0.0,0.0,1.2705494208814505e-21,5.500531542481478,5.085417875677443,2.812516560170217,0.03611828495172731,1.2705494208814505e-21,1.648583173034919e-05,9.11757418631049e-06,1.170877168127957e-07,1.1781225049498773e-21
383,0.0,5.829194128004539,59.76796338672762,0.0,0.0,8.470329472543003e-22,6.776263578034403e-21,4.235164736271502e-22,5.521055200952694,5.105863348485584,2.824632621781016,0.03610721132104331,0.0,1.57448555570218e-05,8.710266921842273e-06,1.1134313396663283e-07,3.927075016499591e-22
384,0.0,5.829194128004539,59.766704805491926,0.0,6.776263578034403e-21,4.235164736271502e-22,1.0164395367051604e-20,0.0,5.541578475448669,5.126317155474496,2.8367599772077825,0.03609614110492687,0.0,1.5036966810050447e-05,8.321035225016542e-06,1.0588039313621324e-07,0.0
385,0.0,5.829194128004539,59.76544622425623,0.0,6.776263578034403e-21,4.235164736271502e-22,0.0,4.235164736271502e-22,5.562101011372162,5.146778788670767,2.848898353255785,0.03608507430229608,0.0,1.43606979570294e-05,7.949082414671524e-06,1.0068566652758393e-07,3.927075016499591e-22
386,0.0,5.829194128004539,59.764187643020534,0.0,6.776263578034403e-21,2.117582368135751e-22,6.776263578034403e-21,8.470329472543003e-22,5.582622460263138,5.167247749150011,2.861047481400093,0.03607401091210288,0.0,1.3714646129935628e-05,7.593646690349865e-06,9.574580476174883e-08,7.854150032999182e-22
387,0.0,5.829194128004539,59.76292906178483,0.0,6.776263578034403e-21,4.235164736271502e-22,3.3881317890172014e-21,8.470329472543003e-22,5.603142479683939,5.1877235468635705,2.8732070976969,0.03606295093328429,4.235164736271502e-22,1.3097470292124586e-05,7.253999613771216e-06,9.10483036015058e-08,7.854150032999182e-22
388,0.0,5.829194128004539,59.761670480549135,0.0,0.0,0.0,1.0164395367051604e-20,0.0,5.62366073310668,5.208205700468619,2.8853769426965448,0.036051894364810044,4.235164736271502e-22,1.2507888527165291e-05,6.929444655983881e-06,8.658127229350719e-08,0.0
389,0.0,5.829194128004539,59.76041189931344,0.0,1.3552527156068805e-20,2.117582368135751e-22,0.0,4.235164736271502e-22,5.644176889803066,5.228693737161687,2.8975567613584277,0.036040841205578454,0.0,1.1944675448427505e-05,6.619315807703426e-06,8.233340347220866e-08,3.927075016499591e-22
390,0.0,5.829194128004539,59.759153318077736,0.0,6.776263578034403e-21,2.117582368135751e-22,0.0,0.0,5.664690624736338,5.249187192515488,2.9097463029674175,0.03602979145456825,4.235164736271502e-22,1.1406659720163624e-05,6.3229762499725895e-06,7.82939445362596e-08,0.0
391,0.0,5.829194128004539,59.75789473684204,0.0,1.3552527156068805e-20,4.235164736271502e-22,3.3881317890172014e-21,4.235164736271502e-22,5.685201618455408,5.269685610319027,2.9219453210520654,0.03601874511070855,0.0,1.0892721687647597e-05,6.039817082533636e-06,7.445267043279692e-08,3.927075016499591e-22
392,0.0,5.829194128004539,59.756636155606344,0.0,3.3881317890172014e-21,6.352747104407253e-22,3.3881317890172014e-21,0.0,5.705709556991194,5.290188542420816,2.934153573304234,0.036007702172931026,4.235164736271502e-22,1.0401791110914751e-05,5.769256107206129e-06,7.079985777039506e-08,0.0
393,0.0,5.829194128004539,59.75537757437065,0.0,0.0,2.117582368135751e-22,3.3881317890172014e-21,4.235164736271502e-22,5.726214131755037,5.310695548575293,2.9463708215006212,0.03599666264020588,2.117582368135751e-22,9.932844996796229e-06,5.510736664404708e-06,6.732626021126102e-08,3.927075016499591e-22
394,0.0,5.829194128004539,59.754118993134945,0.0,6.776263578034403e-21,2.117582368135751e-22,1.6940658945086007e-21,4.235164736271502e-22,5.746715039439047,5.331206196292352,2.958596831425517,0.03598562651145423,8.470329472543003e-22,9.484905526962549e-06,5.263726519913018e-06,6.40230850625756e-08,3.927075016499591e-22
395,0.0,5.829194128004539,59.75286041189925,0.0,0.0,4.235164736271502e-22,1.6940658945086007e-21,2.117582368135751e-22,5.767211981918645,5.351720060689777,2.970831372795256,0.03597459378563918,2.117582368135751e-22,9.057038074763858e-06,5.027716799853944e-06,6.088197102054117e-08,1.9635375082497955e-22
396,0.0,5.829194128004539,59.75160183066355,0.0,3.3881317890172014e-21,2.117582368135751e-22,1.6940658945086007e-21,2.117582368135751e-22,5.787704666157002,5.372236724348741,2.983074219184204,0.03596356446169321,4.235164736271502e-22,8.648349310028552e-06,4.802220972224486e-06,5.7894967004830857e-08,1.9635375082497955e-22
397,0.0,5.829194128004539,59.75034324942785,0.0,6.776263578034403e-21,2.117582368135751e-22,3.3881317890172014e-21,6.352747104407253e-22,5.8081928041113375,5.392755777172116,2.995325147952156,0.03595253853857697,4.235164736271502e-22,8.257985385979077e-06,4.586773872274033e-06,5.50545120354829e-08,5.890612524749386e-22
398,0.0,5.829194128004539,59.749084668192154,0.0,0.0,2.117582368135751e-22,1.6940658945086007e-21,0.0,5.828676112641202,5.413276816245809,3.007583940173192,0.03594151601519619,6.352747104407253e-22,7.88513020574939e-06,4.38093077035648e-06,5.235341608996182e-08,0.0
399,0.0,5.829194128004539,59.74782608695646,0.0,3.3881317890172014e-21,0.0,1.6940658945086007e-21,2.117582368135751e-22,5.8491543134185395,5.433799445702699,3.0198503805659436,0.0359304968905227,2.117582368135751e-22,7.52900376399787e-06,4.184266480473489e-06,4.978484190222133e-08,1.9635375082497955e-22
400,0.0,5.829194128004539,59.74656750572076,0.0,0.0,0.0,3.3881317890172014e-21,0.0,5.869627132839695,5.4543232765893634,3.032124257425264,0.035919481163519576,6.352747104407253e-22,7.188860562387827e-06,3.996374506817291e-06,4.734228766049484e-08,0.0
401,0.0,5.829194128004539,59.74530892448506,0.0,3.3881317890172014e-21,1.0587911840678754e-22,5.082197683525802e-21,4.235164736271502e-22,5.890094301938935,5.474847926735613,3.0444053625553735,0.035908468833109324,6.352747104407253e-22,6.863988091904072e-06,3.816866228131931e-06,4.501957054736616e-08,3.927075016499591e-22
402,0.0,5.829194128004539,59.74405034324936,0.0,0.0,3.1763735522036263e-22,1.6940658945086007e-21,2.117582368135751e-22,5.910555556304,5.495373020626549,3.0566934912040504,0.03589745989827037,2.117582368135751e-22,6.553705384329105e-06,3.64537011706877e-06,4.281081108296426e-08,1.9635375082497955e-22
403,0.0,5.829194128004539,59.74279176201367,0.0,0.0,1.0587911840678754e-22,0.0,6.352747104407253e-22,5.931010635993125,5.515898189277161,3.06898844199853,0.03588645435791939,0.0,6.257361624351777e-06,3.481530993349602e-06,4.0710418254246686e-08,5.890612524749386e-22
404,0.0,5.829194128004539,59.741533180777964,0.0,3.3881317890172014e-21,1.0587911840678754e-22,0.0,0.0,5.9514592854539,5.536423070109607,3.0812900168823303,0.03587545221100133,2.117582368135751e-22,5.974334824581664e-06,3.3250093100417833e-06,3.8713075350747295e-08,0.0
405,0.0,5.829194128004539,59.74027459954227,0.0,3.3881317890172014e-21,2.117582368135751e-22,1.6940658945086007e-21,2.117582368135751e-22,5.971901253443609,5.55694730683288,3.0935980210536256,0.035864453456474786,4.235164736271502e-22,5.7040305566546966e-06,3.175480469409095e-06,3.6813726515941956e-08,1.9635375082497955e-22
406,0.0,5.829194128004539,59.73901601830657,0.0,1.6940658945086007e-21,1.0587911840678754e-22,3.3881317890172014e-21,2.117582368135751e-22,5.992336292951271,5.577470549324892,3.1059122629046105,0.03585345809330607,4.235164736271502e-22,5.445880739682965e-06,3.032634170277327e-06,3.5007563939524314e-08,1.9635375082497955e-22
407,0.0,5.829194128004539,59.737757437070876,0.0,1.6940658945086007e-21,1.0587911840678754e-22,1.6940658945086007e-21,0.0,6.012764161121221,5.597992453517024,3.118232553962378,0.03584246612041177,1.0587911840678754e-22,5.199342479492369e-06,2.8961737825398263e-06,3.329001570071067e-08,0.0
408,0.0,5.829194128004539,59.73649885583517,0.0,5.082197683525802e-21,0.0,3.3881317890172014e-21,0.0,6.033184619178155,5.6185126812809125,3.1305587088305975,0.03583147753675856,4.235164736271502e-22,4.9638969605890005e-06,2.765815748970628e-06,3.1656734179663257e-08,0.0
409,0.0,5.829194128004539,59.73524027459948,0.0,0.0,2.117582368135751e-22,8.470329472543003e-22,0.0,6.053597432353769,5.639030900317618,3.1428905451327402,0.035820492341279875,1.0587911840678754e-22,4.739048385390968e-06,2.6412890133821e-06,3.010358506572128e-08,0.0
410,0.0,5.829194128004539,59.73398169336378,0.0,3.3881317890172014e-21,0.0,8.470329472543003e-22,2.117582368135751e-22,6.074002369814771,5.659546784048982,3.1552278834562224,0.03580951053297051,3.1763735522036263e-22,4.524322960495668e-06,2.5223344737005026e-06,2.8626636881629848e-08,1.9635375082497955e-22
411,0.0,5.829194128004539,59.73272311212808,0.0,1.6940658945086007e-21,1.0587911840678754e-22,1.6940658945086007e-21,4.235164736271502e-22,6.094399204592433,5.680060011511166,3.1675705472976876,0.03579853211073252,1.0587911840678754e-22,4.319267927064328e-06,2.4087044580429346e-06,2.7222151046064738e-08,3.927075016499591e-22
412,0.0,5.829194128004539,59.73146453089238,0.0,3.3881317890172014e-21,0.0,1.6940658945086007e-21,3.1763735522036263e-22,6.114787713513429,5.700570267250409,3.179918363009567,0.03578755707353101,0.0,4.123450633541955e-06,2.3001622247846136e-06,2.5886572390740303e-08,2.945306262374693e-22
413,0.0,5.829194128004539,59.730205949656686,0.0,1.6940658945086007e-21,1.0587911840678754e-22,0.0,2.117582368135751e-22,6.135167677132137,5.7210772412208195,3.192271159747385,0.03577658542030942,0.0,3.936457649174913e-06,2.1964814833296274e-06,2.4616520176658373e-08,1.9635375082497955e-22
414,0.0,5.829194128004539,59.72894736842099,0.0,0.0,5.293955920339377e-23,0.0,1.0587911840678754e-22,6.155538879664235,5.741580628684346,3.204628769418438,0.03576561715002567,0.0,3.7578939163716416e-06,2.097445936205016e-06,2.3408779532249518e-08,9.817687541248978e-23
415,0.0,5.829194128004539,59.727688787185286,0.0,0.0,0.0,0.0,1.0587911840678754e-22,6.1759011089216305,5.76208013011257,3.216991026631336,0.03575465226162632,0.0,3.5873819399345763e-06,2.0028488408799925e-06,2.2260293313560555e-08,9.817687541248978e-23
416,0.0,5.829194128004539,59.72643020594959,0.0,0.0,5.293955920339377e-23,8.470329472543003e-22,1.0587911840678754e-22,6.196254156248685,5.782575451090681,3.229357768646605,0.03574369075406817,2.117582368135751e-22,3.4245610119855405e-06,1.912492591235243e-06,2.1168154366211476e-08,9.817687541248978e-23
417,0.0,5.829194128004539,59.725171624713894,0.0,8.470329472543003e-22,2.6469779601696886e-22,8.470329472543003e-22,2.117582368135751e-22,6.216597816459749,5.803066302223308,3.241728835328263,0.03573273262632157,1.0587911840678754e-22,3.269086471321705e-06,1.8261883161624956e-06,2.0129598168675123e-08,1.9635375082497955e-22
418,0.0,5.829194128004539,59.72391304347819,0.0,2.541098841762901e-21,0.0,0.0,0.0,6.236931887777764,5.823552399042217,3.25410406909637,0.03572177787731474,0.0,3.1206289937205877e-06,1.74375549676932e-06,1.914199583203192e-08,0.0
419,0.0,5.829194128004539,59.722654462242495,0.0,2.541098841762901e-21,0.0,0.0,1.0587911840678754e-22,6.257256171774319,5.844033461915971,3.2664833148805297,0.03571082650599597,0.0,2.978873915606925e-06,1.6650215995379852e-06,1.8202847446522618e-08,9.817687541248978e-23
420,0.0,5.829194128004539,59.7213958810068,0.0,1.6940658945086007e-21,1.0587911840678754e-22,0.0,1.0587911840678754e-22,6.277570473310646,5.864509215961281,3.2788664200743316,0.03569987851134113,2.117582368135751e-22,2.8435205853607013e-06,1.5898217257069891e-06,1.7309775754955247e-08,9.817687541248978e-23
421,0.0,5.829194128004539,59.7201372997711,0.0,0.0,1.5881867761018131e-22,8.470329472543003e-22,0.0,6.297874600480007,5.884979390956205,3.29125323449066,0.035688933892283656,1.0587911840678754e-22,2.71428174433084e-06,1.5179982760854982e-06,1.6460520131370105e-08,0.0
422,0.0,5.829194128004539,59.7188787185354,0.0,8.470329472543003e-22,5.293955920339377e-23,1.2705494208814505e-21,0.0,6.318168364550981,5.905443721255171,3.3036436103180478,0.03567799264776605,0.0,2.590882934233043e-06,1.4494006301819437e-06,1.565293086271162e-08,0.0
423,0.0,5.829194128004539,59.717620137299704,0.0,8.470329472543003e-22,5.293955920339377e-23,1.6940658945086007e-21,5.293955920339377e-23,6.338451579912032,5.925901945705532,3.316037402077608,0.03566705477677647,1.0587911840678754e-22,2.473061931534288e-06,1.3838848394443172e-06,1.488496370453243e-08,4.908843770624489e-23
424,0.0,5.829194128004539,59.71636155606401,0.0,0.0,5.293955920339377e-23,4.235164736271502e-22,1.5881867761018131e-22,6.3587240640171245,5.94635380756596,3.328434466581113,0.0356561202782613,1.0587911840678754e-22,2.3605682053761013e-06,1.3213133341243853e-06,1.415467471016482e-08,1.4726531311873466e-22
425,0.0,5.829194128004539,59.715102974828305,0.0,8.470329472543003e-22,0.0,0.0,2.117582368135751e-22,6.378985637332384,5.9667990544264065,3.340834662889821,0.0356451891511311,5.293955920339377e-23,2.2531624001737462e-06,1.261554642465549e-06,1.3460215303160204e-08,1.9635375082497955e-22
426,0.0,5.829194128004539,59.71384439359261,0.0,8.470329472543003e-22,0.0,4.235164736271502e-22,0.0,6.399236123283771,5.987237438129677,3.3532378522739985,0.035634261394396474,1.0587911840678754e-22,2.1506158412552534e-06,1.2044831224566302e-06,1.2799827606171325e-08,0.0
427,0.0,5.829194128004539,59.71258581235691,0.0,0.0,2.6469779601696886e-23,4.235164736271502e-22,1.5881867761018131e-22,6.41947534820582,6.0076687146945265,3.36564389817349,0.035623337007011195,0.0,2.0527100608789787e-06,1.1499787054806507e-06,1.2171839984674946e-08,1.4726531311873466e-22
428,0.0,5.829194128004539,59.71132723112122,0.0,8.470329472543003e-22,2.6469779601696886e-23,4.235164736271502e-22,1.0587911840678754e-22,6.439703141291389,6.028092644240403,3.3780526661587826,0.0356124159878849,1.0587911840678754e-22,1.959236347037706e-06,1.0979266504991857e-06,1.1574662820410866e-08,9.817687541248978e-23
429,0.0,5.829194128004539,59.710068649885514,0.0,8.470329472543003e-22,7.940933880509066e-23,1.2705494208814505e-21,5.293955920339377e-23,6.459919334542332,6.0485089909136125,3.3904640238931094,0.03560149833601118,5.293955920339377e-23,1.8699953097803794e-06,1.0482173097838026e-06,1.1006784484143101e-08,4.908843770624489e-23
430,0.0,5.829194128004539,59.70881006864982,0.0,8.470329472543003e-22,5.293955920339377e-23,8.470329472543003e-22,0.0,6.480123762721133,6.068917522814983,3.4028778410951293,0.03559058405032212,5.293955920339377e-23,1.7847964687846576e-06,1.0007459043671452e-06,1.0466767508680856e-08,0.0
431,0.0,5.829194128004539,59.70755148741412,0.0,8.470329472543003e-22,2.6469779601696886e-23,4.235164736271502e-22,5.293955920339377e-23,6.500316263303553,6.089318011928932,3.4152939895023966,0.03557967312979351,0.0,1.7034578581757285e-06,9.554123093802035e-07,9.953244954554482e-09,4.908843770624489e-23
432,0.0,5.829194128004539,59.70629290617842,0.0,4.235164736271502e-22,5.293955920339377e-23,0.0,5.293955920339377e-23,6.520496676432148,6.109710234054018,3.427712342835647,0.03556876557336403,1.0587911840678754e-22,1.6258056475830155e-06,9.121208488848121e-07,9.464916949917467e-09,4.908843770624489e-23
433,0.0,5.829194128004539,59.70503432494272,0.0,4.235164736271502e-22,0.0,8.470329472543003e-22,5.293955920339377e-23,6.540664844870583,6.130093968734847,3.4401327767635936,0.035557861380037,5.293955920339377e-23,1.5516737825596947e-06,8.707800998404201e-07,9.000547389265959e-09,4.908843770624489e-23
434,0.0,5.829194128004539,59.70377574370703,0.0,1.2705494208814505e-21,7.940933880509066e-23,0.0,5.293955920339377e-23,6.560820613959014,6.150468999195295,3.452555168868634,0.03554696054868575,0.0,1.4809036381744582e-06,8.313027041159948e-07,8.558960822436912e-09,4.908843770624489e-23
435,0.0,5.829194128004539,59.70251716247133,0.0,4.235164736271502e-22,2.6469779601696886e-23,4.235164736271502e-22,5.293955920339377e-23,6.580963831570172,6.170835112273107,3.4649793986130626,0.035536063078339224,7.940933880509066e-23,1.4133436894949426e-06,7.936051892982013e-07,8.13903946368283e-09,4.908843770624489e-23
436,0.0,5.829194128004539,59.70125858123563,0.0,4.235164736271502e-22,2.6469779601696886e-23,1.0587911840678754e-21,0.0,6.601094348066408,6.191192098355718,3.477405347306017,0.03552516896794224,7.940933880509066e-23,1.3488491960688441e-06,7.576077971110961e-07,7.739720370921143e-09,0.0
437,0.0,5.829194128004539,59.69999999999993,0.0,4.235164736271502e-22,5.293955920339377e-23,6.352747104407253e-22,2.6469779601696886e-23,6.621212016257458,6.211539751317475,3.489832898071157,0.035514278216425554,2.6469779601696886e-23,1.2872819000996178e-06,7.232343192892038e-07,7.3599927513108e-09,2.4544218853122444e-23
