,t,temp,depth,so2_emitted,so2_pool,so2_oxidised,so4_pool,so4_removed,d34S_so2_pool,d34S_so4_pool,d33S_so4_pool,D33S_so4_pool,f_volc,d34S_so4_tot,d33S_so4_tot,D33S_so4_tot,so4_norm
0,0.0,5.708946883942747,60.16999999999999,4.440892098500626e-16,2.220446049250313e-16,2.0816681711721685e-17,6.938893903907228e-18,8.673617379884035e-19,0.033025214508440426,0.6441292822420329,0.325210796780213,0.03535663552818538,1.734723475976807e-18,0.0037552798551760435,0.0018959820450696275,0.00020612952214134063,8.0426496337911625e-19
1,0.0,5.708946883942747,60.168810068649876,4.440892098500626e-16,8.881784197001252e-16,1.3877787807814457e-17,0.0,6.938893903907228e-18,0.049109694063954795,0.6277290693311882,0.3168901106333306,0.035352398168352,0.0,0.010370493189202242,0.005235231080743024,0.0005840446497363541,6.43411970703293e-18
2,0.0,5.708946883942747,60.16762013729976,4.440892098500626e-16,0.0,0.0,0.0,6.938893903907228e-18,0.06490951313376077,0.6116190562746875,0.3087173651390868,0.03534823402401076,6.938893903907228e-18,0.019101059267906992,0.009641342316033743,0.0011039366844142907,6.43411970703293e-18
3,0.0,5.708946883942747,60.166430205949645,4.440892098500626e-16,8.881784197001252e-16,5.551115123125783e-17,1.1102230246251565e-16,2.0816681711721685e-17,0.08042540719786079,0.5957984950635977,0.3006923417097226,0.03534414297741708,0.0,0.029330858377285902,0.014802931801432086,0.0017399742710436145,1.930235912109879e-17
4,0.0,5.708946883942747,60.165240274599526,4.440892098500626e-16,0.0,0.0,1.1102230246251565e-16,0.0,0.09565824427526716,0.5802665025294236,0.292814753626826,0.03534012487484225,1.3877787807814457e-17,0.040553036666562105,0.02046392026521791,0.002469812359671216,0.0
5,0.0,5.708946883942747,60.164050343249414,4.440892098500626e-16,1.7763568394002505e-15,5.551115123125783e-17,2.220446049250313e-16,2.7755575615628914e-17,0.11060902376926904,0.5650220615200747,0.28508424669558263,0.03533617952693755,1.3877787807814457e-17,0.052353500099535336,0.02641517766155918,0.0032741600804112973,2.573647882813172e-17
6,0.0,5.708946883942747,60.1628604118993,4.440892098500626e-16,0.0,1.1102230246251565e-16,1.1102230246251565e-16,5.551115123125783e-17,0.12527887508244637,0.5500640223105293,0.2775004000283232,0.03533230670901736,1.3877787807814457e-17,0.06439673297106008,0.03248734408210034,0.004136400542676673,5.147295765626344e-17
7,0.0,5.708946883942747,60.16167048054918,4.440892098500626e-16,0.0,5.551115123125783e-17,0.0,0.0,0.1396690560053207,0.5353911042445101,0.2700627269540933,0.03532850616129685,2.7755575615628914e-17,0.07641362493723032,0.03854466718515212,0.0050422563953716444,0.0
8,0.0,5.708946883942747,60.16048054919907,4.440892098500626e-16,1.7763568394002505e-15,2.7755575615628914e-16,2.220446049250313e-16,2.7755575615628914e-17,0.15378095088450067,0.5210018976009687,0.2627706760529389,0.03532477758956944,5.551115123125783e-17,0.08819103262917997,0.04447971758353406,0.0059794957127128345,2.573647882813172e-17
9,0.0,5.708946883942747,60.15929061784896,4.440892098500626e-16,1.7763568394002505e-15,5.551115123125783e-17,6.661338147750939e-16,2.7755575615628914e-17,0.16761606857583528,0.5068948656797844,0.25562363231069446,0.03532112066551337,5.551115123125783e-17,0.09956283850074435,0.050208862120929384,0.00693767341235483,2.573647882813172e-17
10,0.0,5.708946883942747,60.15810068649884,4.440892098500626e-16,1.7763568394002505e-15,5.551115123125783e-17,2.220446049250313e-16,5.551115123125783e-17,0.18117604018953826,0.4930683470997196,0.24862091839100162,0.03531753502732172,2.7755575615628914e-17,0.11040230132118775,0.055668391022071856,0.00790790397911997,5.147295765626344e-17
11,0.0,5.708946883942747,60.15691075514873,4.440892098500626e-16,0.0,1.1102230246251565e-16,4.440892098500626e-16,0.0,0.19446261663444941,0.47952055830121043,0.24176179602100564,0.03531402028020483,5.551115123125783e-17,0.1206155202946151,0.060811208841054995,0.008882661767164415,0.0
12,0.0,5.708946883942747,60.15572082379861,4.440892098500626e-16,0.0,1.1102230246251565e-16,8.881784197001252e-16,5.551115123125783e-17,0.20747766596963219,0.46624959624562434,0.23504546748581376,0.0353105759972302,0.0,0.13013585871467692,0.0656040112303821,0.009855605594323422,5.147295765626344e-17
13,0.0,5.708946883942747,60.1545308924485,4.440892098500626e-16,0.0,1.1102230246251565e-16,4.440892098500626e-16,1.1102230246251565e-16,0.22022317057171095,0.45325344130241535,0.22847107722703747,0.03530720171987647,0.0,0.1389191938233925,0.07002488005196532,0.010821424730921292,1.0294591531252688e-16
14,0.0,5.708946883942747,60.15334096109839,4.440892098500626e-16,3.552713678800501e-15,0.0,4.440892098500626e-16,1.1102230246251565e-16,0.23270122412705144,0.44052996031503716,0.22203771354058408,0.03530389695889966,0.0,0.14693987755079674,0.07406123845919643,0.011775703728520253,1.0294591531252688e-16
15,0.0,5.708946883942747,60.15215102974827,4.440892098500626e-16,5.329070518200751e-15,0.0,1.3322676295501878e-15,1.1102230246251565e-16,0.24491402845852972,0.4280769098356027,0.21574441036771394,0.03530066119503375,1.1102230246251565e-16,0.15418730842839337,0.07770811547822926,0.012714803836289984,1.0294591531252688e-16
16,0.0,5.708946883942747,60.150961098398156,4.440892098500626e-16,3.552713678800501e-15,0.0,1.3322676295501878e-15,1.6653345369377348e-16,0.2568638901968014,0.4158919395179037,0.2095901491740631,0.03529749387991876,1.6653345369377348e-16,0.1606630285082115,0.08096667646607081,0.013635759019690444,1.5441887296879031e-16
17,0.0,5.708946883942747,60.149771167048044,4.440892098500626e-16,7.105427357601002e-15,1.1102230246251565e-16,1.3322676295501878e-15,2.220446049250313e-16,0.26855321730659204,0.4039725956587398,0.20357386090956783,0.03529439443705175,1.1102230246251565e-16,0.16637827085390477,0.08384298175958325,0.014536184831292289,2.0589183062505376e-16
18,0.0,5.708946883942747,60.148581235697925,4.440892098500626e-16,1.7763568394002505e-15,2.220446049250313e-16,1.3322676295501878e-15,0.0,0.27998451547872166,0.39231632487573853,0.19769442804383486,0.03529136226249718,1.6653345369377348e-16,0.17135189333727158,0.08634694097491276,0.015414198591011525,0.0
19,0.0,5.708946883942747,60.14739130434781,4.440892098500626e-16,0.0,0.0,4.440892098500626e-16,0.0,0.2911603843989206,0.38092047791123174,0.19195068666914988,0.035288396726130045,5.551115123125783e-17,0.17560864328123885,0.08849143487299425,0.016268349516483396,0.0
20,0.0,5.708946883942747,60.146201372997695,4.440892098500626e-16,1.7763568394002505e-15,1.1102230246251565e-16,1.7763568394002505e-15,1.1102230246251565e-16,0.30208351390492116,0.3697823135500713,0.18634142866460474,0.035285497172393966,2.220446049250313e-16,0.17917770511609055,0.09029158056705312,0.017097557604992795,1.0294591531252688e-16
21,0.0,5.708946883942747,60.14501144164758,4.440892098500626e-16,3.552713678800501e-15,0.0,8.881784197001252e-16,1.1102230246251565e-16,0.3127566800429258,0.3588990026398738,0.1808654039134236,0.03528266292154469,2.220446049250313e-16,0.18209148981759687,0.09176411918899471,0.01790106021153477,1.0294591531252688e-16
22,0.0,5.708946883942747,60.14382151029747,4.440892098500626e-16,1.7763568394002505e-15,1.1102230246251565e-16,0.0,1.1102230246251565e-16,0.3231827410354289,0.34826763220194396,0.17552132256615002,0.03527989327049665,0.0,0.18438463060830337,0.09292690802363855,0.018678365392305274,1.0294591531252688e-16
23,0.0,5.708946883942747,60.14263157894735,4.440892098500626e-16,0.0,2.220446049250313e-16,8.881784197001252e-16,0.0,0.33336463317180426,0.3378852096210109,0.17030785734130624,0.03527718749406111,1.1102230246251565e-16,0.1860931543447652,0.0937985016209812,0.019429211194372773,0.0
24,0.0,5.708946883942747,60.14144164759724,4.440892098500626e-16,0.0,2.220446049250313e-16,1.7763568394002505e-15,2.220446049250313e-16,0.3433053666334651,0.3277486669015597,0.1652236458554482,0.03527454484593619,0.0,0.18725380228624294,0.09439780856018203,0.020153530169207564,2.0589183062505376e-16
25,0.0,5.708946883942747,60.14025171624712,4.440892098500626e-16,7.105427357601002e-15,5.551115123125783e-16,8.881784197001252e-16,0.0,0.35300802126526293,0.31785486497935467,0.16026729297367956,0.03527196455992499,1.1102230246251565e-16,0.18790347763404883,0.0947438124085512,0.0208514184743572,0.0
26,0.0,5.708946883942747,60.13906178489701,4.440892098500626e-16,0.0,1.1102230246251565e-16,8.881784197001252e-16,1.1102230246251565e-16,0.3624757423044577,0.3082005980758916,0.1554373731720748,0.03526944585089703,1.1102230246251565e-16,0.18807880042112934,0.09485534703477941,0.02152310900292695,1.0294591531252688e-16
27,0.0,5.708946883942747,60.1378718535469,4.440892098500626e-16,3.552713678800501e-15,0.0,1.7763568394002505e-15,2.220446049250313e-16,0.3717117360790493,0.2987825980844917,0.15073243290222518,0.035266987916157684,0.0,0.1878157530875424,0.09475091783037247,0.02216894804806978,2.0589183062505376e-16
28,0.0,5.708946883942747,60.13668192219678,4.440892098500626e-16,0.0,2.220446049250313e-16,2.6645352591003757e-15,2.220446049250313e-16,0.3807192656865038,0.28959753897633983,0.14615099294901554,0.035264589936409525,1.1102230246251565e-16,0.1871494024557522,0.0944485615983006,0.02278937506780876,2.0589183062505376e-16
29,0.0,5.708946883942747,60.13549199084667,4.440892098500626e-16,0.0,2.220446049250313e-16,2.6645352591003757e-15,2.220446049250313e-16,0.38950164666390635,0.28064204121527353,0.14169155077073772,0.035262251076995196,1.1102230246251565e-16,0.18611368587194033,0.09396573890589982,0.02338490516838573,2.0589183062505376e-16
30,0.0,5.708946883942747,60.134302059496555,4.440892098500626e-16,7.105427357601002e-15,3.3306690738754696e-16,0.0,0.0,0.39806224266041434,0.271912676170309,0.13735258281233959,0.03525997048895183,2.220446049250313e-16,0.18474125104897168,0.09331925359620234,0.023956113969467323,0.0
31,0.0,5.708946883942747,60.133112128146436,4.440892098500626e-16,0.0,0.0,2.6645352591003757e-15,2.220446049250313e-16,0.4064044611224541,0.263405970515289,0.13313254678019318,0.03525774731031081,3.3306690738754696e-16,0.1830633406716669,0.09252519492262047,0.024503624555497074,2.0589183062505376e-16
32,0.0,5.708946883942747,60.131922196796324,4.440892098500626e-16,3.552713678800501e-15,1.1102230246251565e-16,1.7763568394002505e-15,0.0,0.4145317490017015,0.2551184106053433,0.12902988386784228,0.035255580667140574,1.1102230246251565e-16,0.18110971413838112,0.09159889843764958,0.02502809625247301,0.0
33,0.0,5.708946883942747,60.130732265446206,4.440892098500626e-16,3.552713678800501e-15,0.0,1.7763568394002505e-15,3.3306690738754696e-16,0.4224475884958841,0.24704644681987978,0.1250430209211577,0.035253469674629175,2.220446049250313e-16,0.17890859994307817,0.09055492233801737,0.02553021500131988,3.0883774593758063e-16
34,0.0,5.708946883942747,60.129542334096094,4.440892098500626e-16,0.0,4.440892098500626e-16,1.7763568394002505e-15,1.1102230246251565e-16,0.43015549283136156,0.23918649786294227,0.1211703725304202,0.03525141343842728,1.1102230246251565e-16,0.17648667317485472,0.08940703646033393,0.02601068512665111,1.0294591531252688e-16
35,0.0,5.708946883942747,60.12835240274598,4.440892098500626e-16,3.552713678800501e-15,4.440892098500626e-16,1.7763568394002505e-15,1.1102230246251565e-16,0.437659002096974,0.23153495501175858,0.11741034303822706,0.03524941105561922,1.1102230246251565e-16,0.1738690534472174,0.08816822154535112,0.02647022232345497,1.0294591531252688e-16
36,0.0,5.708946883942747,60.12716247139586,4.440892098500626e-16,3.552713678800501e-15,4.440892098500626e-16,2.6645352591003757e-15,0.0,0.4449616791372005,0.22408818630431343,0.11376132844864598,0.035247461615738565,1.1102230246251565e-16,0.17107931928667286,0.08685067674969775,0.026909547706431735,0.0
37,0.0,5.708946883942747,60.12597254004575,4.440892098500626e-16,3.552713678800501e-15,0.0,0.0,3.3306690738754696e-16,0.452067105512852,0.2168425406584473,0.110221718226132,0.03524556420210575,2.220446049250313e-16,0.16813953562677456,0.08546583369781723,0.027329382785549233,3.0883774593758063e-16
38,0.0,5.708946883942747,60.12478260869563,4.440892098500626e-16,3.552713678800501e-15,0.0,1.7763568394002505e-15,2.220446049250313e-16,0.4589788775370654,0.20979435191418444,0.10678989696926815,0.03524371789259903,2.220446049250313e-16,0.16507029158059744,0.08402437563137853,0.027730445247140606,2.0589183062505376e-16
39,0.0,5.708946883942747,60.12359267734552,4.440892098500626e-16,0.0,0.0,1.7763568394002505e-15,0.0,0.46570060239324773,0.20293994279245442,0.10346424594605884,0.03524192176109618,2.220446049250313e-16,0.1618907461172534,0.08253626044330027,0.028113445436143393,0.0
40,0.0,5.708946883942747,60.12240274599541,4.440892098500626e-16,3.552713678800501e-15,2.220446049250313e-16,8.881784197001252e-16,0.0,0.47223589434196134,0.19627562876322152,0.10024314447619583,0.03524017487804486,0.0,0.15861867965410786,0.08101074657807747,0.02847908344585445,0.0
41,0.0,5.708946883942747,60.12121281464529,4.440892098500626e-16,3.552713678800501e-15,2.220446049250313e-16,1.7763568394002505e-15,0.0,0.47858837102248397,0.18979772181707497,0.09712497114634151,0.03523847631184245,1.1102230246251565e-16,0.15527054990697656,0.07945642094759307,0.028828046735445617,0.0
42,0.0,5.708946883942747,60.12002288329518,4.440892098500626e-16,3.552713678800501e-15,0.0,8.881784197001252e-16,1.1102230246251565e-16,0.4847616498547753,0.18350253413454398,0.09410810484318428,0.035236825129615186,0.0,0.15186155062205486,0.07788122815301517,0.029161008203069903,1.0294591531252688e-16
43,0.0,5.708946883942747,60.118832951945066,4.440892098500626e-16,3.552713678800501e-15,0.0,2.6645352591003757e-15,2.220446049250313e-16,0.4907593445468967,0.17738638164789738,0.09119092559115555,0.035235220398211135,1.1102230246251565e-16,0.14840567205327626,0.07629250042643372,0.029478624652941696,2.0589183062505376e-16
44,0.0,5.708946883942747,60.11764302059495,4.440892098500626e-16,0.0,0.0,2.6645352591003757e-15,2.220446049250313e-16,0.4965850617120927,0.17144558749107752,0.08837181518032843,0.035233661185225,1.1102230246251565e-16,0.14491576225317554,0.07469698780798617,0.02978153560174146,2.0589183062505376e-16
45,0.0,5.708946883942747,60.116453089244835,4.440892098500626e-16,0.0,0.0,1.7763568394002505e-15,1.1102230246251565e-16,0.5022423975999729,0.16567648533348409,0.0856491575718078,0.035232146559692125,0.0,0.14140358841820289,0.0731008881632884,0.030070362376341593,1.0294591531252688e-16
46,0.0,5.708946883942747,60.11526315789472,4.440892098500626e-16,7.105427357601002e-15,0.0,0.0,3.3306690738754696e-16,0.5077349349448939,0.16007542259405022,0.0830213390688011,0.03523067559309976,1.1102230246251565e-16,0.1378798976763541,0.07150987672098551,0.030345707461689807,3.0883774593758063e-16
47,0.0,5.708946883942747,60.114073226544605,4.440892098500626e-16,7.105427357601002e-15,2.220446049250313e-16,1.7763568394002505e-15,1.1102230246251565e-16,0.5130662399347447,0.1546387635328214,0.08048674824365498,0.035229247360283183,3.3306690738754696e-16,0.1343544768292473,0.06992913487482996,0.030608154062059526,1.0294591531252688e-16
48,0.0,5.708946883942747,60.11288329519449,4.440892098500626e-16,0.0,2.220446049250313e-16,8.881784197001252e-16,0.0,0.5182398593025571,0.14936289221715174,0.07804377561235343,0.03522786093997519,0.0,0.13083621066483525,0.06836337804875779,0.030858265843655402,0.0
49,0.0,5.708946883942747,60.111693363844374,4.440892098500626e-16,7.105427357601002e-15,2.220446049250313e-16,8.881784197001252e-16,2.220446049250313e-16,0.5232593175429628,0.144244215360696,0.07569081305184361,0.03522651541584222,1.1102230246251565e-16,0.1273331385453168,0.06681688247142177,0.03109658683156035,2.0589183062505376e-16
50,0.0,5.708946883942747,60.11050343249426,4.440892098500626e-16,3.552713678800501e-15,0.0,2.6645352591003757e-15,1.1102230246251565e-16,0.5281281142550864,0.13927916503334964,0.07342625295844933,0.03522520987707592,2.220446049250313e-16,0.12385250904801486,0.0652935107467126,0.03132364143606214,1.0294591531252688e-16
51,0.0,5.708946883942747,60.10931350114415,4.440892098500626e-16,0.0,0.0,1.7763568394002505e-15,0.0,0.5328497216130672,0.1344642012414383,0.07124848714995494,0.0352239434190825,2.220446049250313e-16,0.12040083249903505,0.06379673614204871,0.03153993458780521,0.0
52,0.0,5.708946883942747,60.10812356979403,4.440892098500626e-16,0.0,2.220446049250313e-16,8.881784197001252e-16,0.0,0.5374275819646016,0.12979581437689394,0.06915590551945423,0.03522271514434116,3.3306690738754696e-16,0.11698393128968379,0.062329665547395996,0.031745951963572966,0.0
53,0.0,5.708946883942747,60.10693363844392,4.440892098500626e-16,3.552713678800501e-15,4.440892098500626e-16,1.7763568394002505e-15,2.220446049250313e-16,0.5418651055582141,0.1252705275354538,0.06714689445375431,0.03522152416265958,2.220446049250313e-16,0.11360698790858775,0.06089506108408399,0.0319421602861601,2.0589183062505376e-16
54,0.0,5.708946883942747,60.1057437070938,4.440892098500626e-16,3.552713678800501e-15,2.220446049250313e-16,0.0,0.0,0.546165668398748,0.1208848987042207,0.06521983503702238,0.03522036959218258,1.1102230246251565e-16,0.11027459065703984,0.059495360367756135,0.0321290076858209,0.0
55,0.0,5.708946883942747,60.10455377574369,4.440892098500626e-16,7.105427357601002e-15,0.0,8.881784197001252e-16,2.220446049250313e-16,0.5503326102308321,0.11663552281850638,0.06337310106709104,0.03521925055969852,1.1102230246251565e-16,0.10699077704263338,0.05813269545094016,0.03230692411011735,2.0589183062505376e-16
56,0.0,5.708946883942747,60.10336384439358,4.440892098500626e-16,3.552713678800501e-15,0.0,2.6645352591003757e-15,2.220446049250313e-16,0.5543692326494205,0.11251903368924504,0.06160505691878366,0.03521816620128943,0.0,0.10375907486999471,0.05680891048940229,0.03247632177286277,2.0589183062505376e-16
57,0.0,5.708946883942747,60.10217391304346,4.440892098500626e-16,7.105427357601002e-15,2.220446049250313e-16,8.881784197001252e-16,0.0,0.5582787973361056,0.10853210580207238,0.05991405529857883,0.035217115662803014,1.1102230246251565e-16,0.10058254106520773,0.055525578195658336,0.032637595632871406,0.0
58,0.0,5.708946883942747,60.100983981693346,4.440892098500626e-16,3.552713678800501e-15,2.220446049250313e-16,1.7763568394002505e-15,4.440892098500626e-16,0.562064524419952,0.10467145598960982,0.05829843494143463,0.03521609810025531,2.220446049250313e-16,0.0974637982850323,0.05428401515718944,0.03279112389503686,4.117836612501075e-16
59,0.0,5.708946883942747,60.09979405034323,4.440892098500626e-16,7.105427357601002e-15,4.440892098500626e-16,2.6645352591003757e-15,2.220446049250313e-16,0.5657295909609209,0.10093384497854323,0.056756518309848625,0.03521511268034551,3.3306690738754696e-16,0.0944050693729325,0.053085296111987146,0.03293726852742389,2.0589183062505376e-16
60,0.0,5.708946883942747,60.098604118993116,4.440892098500626e-16,3.552713678800501e-15,2.220446049250313e-16,3.552713678800501e-15,2.220446049250313e-16,0.569277129553868,0.09731607881390611,0.055286609361555016,0.0352141585808163,0.0,0.09140820973285528,0.05193026728505333,0.033076375788594944,2.0589183062505376e-16
61,0.0,5.708946883942747,60.097414187643004,4.440892098500626e-16,7.105427357601002e-15,4.440892098500626e-16,2.6645352591003757e-15,2.220446049250313e-16,0.5730166499731489,0.09350255235399134,0.05376323172952883,0.035213153414967426,2.220446049250313e-16,0.08817400916238953,0.05069936133050157,0.03320641879478521,2.0589183062505376e-16
62,0.0,5.708946883942747,60.096224256292885,2.220446049250313e-16,0.0,2.220446049250313e-16,8.881784197001252e-16,0.0,0.5769229302222416,0.08951898287943348,0.05220300810929476,0.035212103853672426,1.1102230246251565e-16,0.0847235201901761,0.04940653333262888,0.033325818679186436,0.0
63,0.0,5.708946883942747,60.09503432494277,2.220446049250313e-16,3.552713678800501e-15,0.0,1.7763568394002505e-15,2.220446049250313e-16,0.5809736770883965,0.08538810143459356,0.050621739123196195,0.03521101579482424,1.1102230246251565e-16,0.08107709824725133,0.04806599101494169,0.03343331142184062,2.0589183062505376e-16
64,0.0,5.708946883942747,60.09384439359266,2.220446049250313e-16,3.552713678800501e-15,4.440892098500626e-16,0.0,2.220446049250313e-16,0.5851491655638074,0.08113002047675526,0.04903462594130363,0.03520989445828602,1.1102230246251565e-16,0.07725440886788665,0.046692223407471034,0.033527904549893635,2.0589183062505376e-16
65,0.0,5.708946883942747,60.09265446224254,2.220446049250313e-16,0.0,4.440892098500626e-16,3.552713678800501e-15,0.0,0.589431930570358,0.07676254819645588,0.047456471461490284,0.03520874446739753,1.1102230246251565e-16,0.07327441463913038,0.04530002258757537,0.03360883922749176,0.0
66,0.0,5.708946883942747,60.09146453089243,2.220446049250313e-16,0.0,2.220446049250313e-16,1.7763568394002505e-15,2.220446049250313e-16,0.5938065023506129,0.07230145831608523,0.0459018585733263,0.03520756991848553,3.3306690738754696e-16,0.0691553518952799,0.043904497311910186,0.033675557088298155,2.0589183062505376e-16
67,0.0,5.708946883942747,60.09027459954231,2.220446049250313e-16,3.552713678800501e-15,4.440892098500626e-16,1.7763568394002505e-15,2.220446049250313e-16,0.5982591784854124,0.0677607225442635,0.04438530144900408,0.03520637444112834,1.1102230246251565e-16,0.06491470392307987,0.042521074066419765,0.033727671241374796,2.0589183062505376e-16
68,0.0,5.708946883942747,60.0890846681922,2.220446049250313e-16,7.105427357601002e-15,4.440892098500626e-16,1.7763568394002505e-15,2.220446049250313e-16,0.6027778267716567,0.06315271156592632,0.0429213627391519,0.03520516125022336,0.0,0.06056917511386852,0.04116547764001667,0.033764940947163584,2.0589183062505376e-16
69,0.0,5.708946883942747,60.08789473684209,2.220446049250313e-16,3.552713678800501e-15,4.440892098500626e-16,0.0,2.220446049250313e-16,0.607351714214423,0.05848836940762498,0.041524726145384834,0.03520393319082001,1.1102230246251565e-16,0.056134668830232486,0.03985367986910216,0.03378724951991368,2.0589183062505376e-16
70,0.0,5.708946883942747,60.08670480549197,2.220446049250313e-16,7.105427357601002e-15,2.220446049250313e-16,1.7763568394002505e-15,4.440892098500626e-16,0.6119713582087526,0.05377736518028639,0.04021021050640301,0.035202692777596745,0.0,0.05162627057307494,0.03860180208614689,0.033794585066492876,4.117836612501075e-16
71,0.0,5.708946883942747,60.08551487414186,2.220446049250313e-16,3.552713678800501e-15,4.440892098500626e-16,0.0,0.0,0.6166283966526196,0.0490282255237622,0.03899270904513189,0.03520144222891649,1.1102230246251565e-16,0.04705823720975593,0.03742595478613618,0.03378702371618605,0.0
72,0.0,5.708946883942747,60.08432494279174,1.1102230246251565e-16,3.552713678800501e-15,0.0,3.552713678800501e-15,0.0,0.6213154742735607,0.04424845052664394,0.03788703706033615,0.03520018349696702,2.220446049250313e-16,0.04244399245994728,0.036341998333938426,0.03376471503865212,0.0
73,0.0,5.708946883942747,60.08313501144163,1.1102230246251565e-16,7.105427357601002e-15,0.0,0.0,2.220446049250313e-16,0.6260261428942565,0.03944461544678714,0.03690767478231585,0.03519891829388184,0.0,0.037796128463406096,0.035365212756096144,0.03372786938189951,2.0589183062505376e-16
74,0.0,5.708946883942747,60.081945080091515,1.1102230246251565e-16,3.552713678800501e-15,2.220446049250313e-16,3.552713678800501e-15,0.0,0.6307547737257925,0.03462246019411285,0.03606840110134474,0.03519764811488339,1.1102230246251565e-16,0.03312641302171107,0.034509874376837266,0.0336767468952058,0.0
75,0.0,5.708946883942747,60.080755148741396,1.1102230246251565e-16,0.0,4.440892098500626e-16,0.0,2.220446049250313e-16,0.635496480077468,0.029786968247417434,0.03538182941786863,0.03519637425876705,2.220446049250313e-16,0.028445801980470867,0.033788753020030884,0.03361164802941078,2.0589183062505376e-16
76,0.0,5.708946883942747,60.079565217391284,0.0,3.552713678800501e-15,4.440892098500626e-16,1.7763568394002505e-15,2.220446049250313e-16,0.6402470491198649,0.02494243647012393,0.03485887803803631,0.035195097845825474,4.440892098500626e-16,0.02376445619096738,0.03321256449799722,0.033532905331672844,2.0589183062505376e-16
77,0.0,5.708946883942747,60.07837528604117,0.0,3.552713678800501e-15,2.220446049250313e-16,0.0,2.220446049250313e-16,0.6450028815448096,0.02009253722287505,0.034508230453306935,0.03519381983361572,0.0,0.019091762601694977,0.032789435018144776,0.03344087637400286,2.0589183062505376e-16
78,0.0,5.708946883942747,60.07718535469105,0.0,3.552713678800501e-15,2.220446049250313e-16,0.0,0.0,0.649760938138153,0.015240374552906045,0.03433585857169075,0.0351925410313385,2.220446049250313e-16,0.014436359562114061,0.03252445000574518,0.03333593767457502,0.0
79,0.0,5.708946883942747,60.07599542334094,1.1102230246251565e-16,7.105427357601002e-15,4.440892098500626e-16,1.7763568394002505e-15,2.220446049250313e-16,0.6545186924257397,0.010388538991203705,0.03434468643447406,0.035191262111987316,1.1102230246251565e-16,0.00980616916421117,0.03241936189038824,0.03321847948633037,2.0589183062505376e-16
80,0.0,5.708946883942747,60.07480549199082,1.1102230246251565e-16,0.0,2.220446049250313e-16,0.0,0.0,0.6592740886747308,0.005539191076925513,0.03453445763436295,0.03518998362363026,0.0,0.005208463551251561,0.03247251473235995,0.03308890134451704,0.0
81,0.0,5.708946883942747,60.07361556064071,1.1102230246251565e-16,0.0,4.440892098500626e-16,2.6645352591003757e-15,0.0,0.6640255046351746,0.0006958415893208431,0.03490183736834258,0.035188705999116075,1.1102230246251565e-16,0.0006515248417412624,0.032679009729905374,0.03294760827608836,0.0
82,0.0,5.708946883942747,60.0724256292906,1.1102230246251565e-16,0.0,0.0,1.7763568394002505e-15,0.0,0.6687717184934291,0.004147077069539497,0.035440738148835,0.035187429564865334,0.0,0.003865113923939957,0.033031093514011546,0.03279500758685432,0.0
83,0.0,5.708946883942747,60.07123569794048,1.1102230246251565e-16,3.552713678800501e-15,0.0,8.881784197001252e-16,4.440892098500626e-16,0.6735118795840198,0.00898083115764075,0.036142819442113,0.03518615454845408,1.1102230246251565e-16,0.008328788721827594,0.03351871354227761,0.03263150615166813,4.117836612501075e-16
84,0.0,5.708946883942747,60.07004576659037,1.1102230246251565e-16,3.552713678800501e-15,0.0,8.881784197001252e-16,0.0,0.6782454824689184,0.013808053877487568,0.036998087301785665,0.03518488108559786,1.1102230246251565e-16,0.012737715954615883,0.034130162809009566,0.03245750814283684,0.0
85,0.0,5.708946883942747,60.06885583524026,0.0,0.0,1.1102230246251565e-16,1.7763568394002505e-15,2.220446049250313e-16,0.6829723440484075,0.01862844144799745,0.0379955154342667,0.03518360922610578,1.1102230246251565e-16,0.01708759846445768,0.03485273381583127,0.03227341313895657,2.0589183062505376e-16
86,0.0,5.708946883942747,60.06766590389014,0.0,0.0,1.1102230246251565e-16,8.881784197001252e-16,2.220446049250313e-16,0.6876925834142092,0.023442094630476182,0.03912362154694895,0.03518233893905921,1.1102230246251565e-16,0.02137474036681321,0.03567331614165171,0.032079614564047905,2.0589183062505376e-16
87,0.0,5.708946883942747,60.066475972540026,1.1102230246251565e-16,7.105427357601002e-15,1.1102230246251565e-16,1.7763568394002505e-15,2.220446049250313e-16,0.6924066041964023,0.028249418437652666,0.040370954908191155,0.03518107011768022,1.1102230246251565e-16,0.02559593949219641,0.03657889529134367,0.03187649841324262,2.0589183062505376e-16
88,0.0,5.708946883942747,60.06528604118991,1.1102230246251565e-16,0.0,0.0,3.552713678800501e-15,0.0,0.6971150791908546,0.03305109617585287,0.041726474694641275,0.03517980258317813,4.440892098500626e-16,0.029748447930601676,0.0375569346679641,0.03166444222564473,0.0
89,0.0,5.708946883942747,60.064096109839795,1.1102230246251565e-16,3.552713678800501e-15,3.3306690738754696e-16,0.0,2.220446049250313e-16,0.7018189370853474,0.03784807348087134,0.043179818161724774,0.03517853608835133,4.440892098500626e-16,0.03382994079300411,0.03859564193147414,0.03144381427115337,2.0589183062505376e-16
90,0.0,5.708946883942747,60.06290617848968,1.1102230246251565e-16,0.0,3.3306690738754696e-16,8.881784197001252e-16,0.0,0.7065193511294158,0.0426415459821905,0.04472147048335624,0.03517727032052434,0.0,0.03783848749554123,0.03968413345926637,0.031214972921159025,0.0
91,0.0,5.708946883942747,60.061716247139564,1.1102230246251565e-16,3.552713678800501e-15,2.220446049250313e-16,1.7763568394002505e-15,2.220446049250313e-16,0.7112177296178628,0.047432949293565445,0.04634285444404571,0.0351760049038952,0.0,0.04177252456042603,0.040812516495295374,0.03097826617719849,2.0589183062505376e-16
92,0.0,5.708946883942747,60.06052631578945,0.0,3.552713678800501e-15,3.3306690738754696e-16,8.881784197001252e-16,2.220446049250313e-16,0.715915708079377,0.05222395091196175,0.048036359592909396,0.03517473940187077,3.3306690738754696e-16,0.045630829711251965,0.04197190955980422,0.030734031335357986,2.0589183062505376e-16
93,0.0,5.708946883942747,60.059336384439334,0.0,7.105427357601002e-15,4.440892098500626e-16,1.7763568394002505e-15,3.3306690738754696e-16,0.7206151430815643,0.05701644383407583,0.049795328867260916,0.03517347331836586,2.220446049250313e-16,0.04941249721465996,0.04315441973401512,0.030482594765669165,3.0883774593758063e-16
94,0.0,5.708946883942747,60.05814645308922,1.1102230246251565e-16,7.105427357601002e-15,1.1102230246251565e-16,1.7763568394002505e-15,2.220446049250313e-16,0.7253181075819627,0.06181254178084116,0.051614017651270085,0.035172206099225806,1.1102230246251565e-16,0.05311691446242633,0.04435309213403726,0.030224271790202754,2.0589183062505376e-16
95,0.0,5.708946883942747,60.05695652173911,1.1102230246251565e-16,7.105427357601002e-15,2.220446049250313e-16,0.0,0.0,0.7300268877715764,0.06661457595941077,0.05348753683397655,0.035170937132837345,1.1102230246251565e-16,0.056743739794609616,0.04556184331505889,0.029959366643935753,0.0
96,0.0,5.708946883942747,60.05576659038899,1.1102230246251565e-16,7.105427357601002e-15,1.1102230246251565e-16,2.6645352591003757e-15,2.220446049250313e-16,0.7347439813727867,0.07142509331673123,0.055411788289038734,0.03516966575070737,2.220446049250313e-16,0.06029288156075051,0.046775387097713235,0.029688172505920457,2.0589183062505376e-16
97,0.0,5.708946883942747,60.05457665903888,1.1102230246251565e-16,7.105427357601002e-15,3.3306690738754696e-16,0.0,1.1102230246251565e-16,0.7394720973693041,0.07624685625752818,0.05738339858393452,0.03516839122740172,1.1102230246251565e-16,0.06376447840973345,0.04798915863132588,0.029410971588790007,1.0294591531252688e-16
98,0.0,5.708946883942747,60.05338672768877,2.220446049250313e-16,0.0,3.3306690738754696e-16,0.0,2.220446049250313e-16,0.7442141571600538,0.0810828438175436,0.05939965470138175,0.035167112780201785,1.1102230246251565e-16,0.06715888079400706,0.0491992404493359,0.02912803527697634,2.0589183062505376e-16
99,0.0,5.708946883942747,60.05219679633865,2.220446049250313e-16,7.105427357601002e-15,0.0,8.881784197001252e-16,5.551115123125783e-16,0.7489732971436333,0.08593625429670639,0.06145844406848995,0.03516582956835743,1.1102230246251565e-16,0.07047663366710892,0.050402292767040856,0.028839624304920392,5.147295765626344e-16
100,0.0,5.708946883942747,60.05100686498854,2.220446049250313e-16,0.0,2.220446049250313e-16,8.881784197001252e-16,1.1102230246251565e-16,0.7537528727546965,0.09081050937414974,0.06355820014538958,0.03516454069203388,4.440892098500626e-16,0.07371846035090948,0.05159548921907962,0.02854598896789763,1.0294591531252688e-16
101,0.0,5.708946883942747,60.04981693363842,2.220446049250313e-16,0.0,3.3306690738754696e-16,8.881784197001252e-16,2.220446049250313e-16,0.7585564639879445,0.09570925974093922,0.06569785412498517,0.035163245190682264,0.0,0.07688524754465641,0.05277645852892941,0.028247369358793923,2.0589183062505376e-16
102,0.0,5.708946883942747,60.048627002288306,2.220446049250313e-16,0.0,2.220446049250313e-16,1.7763568394002505e-15,0.0,0.7633878824617447,0.10063639230301016,0.06787679284624637,0.03516194204124755,2.220446049250313e-16,0.0799780314464536,0.05394323215001748,0.02794399562561782,0.0
103,0.0,5.708946883942747,60.047437070938194,2.220446049250313e-16,3.552713678800501e-15,3.3306690738754696e-16,8.881784197001252e-16,1.1102230246251565e-16,0.7682511800889271,0.10559603902351762,0.0700948227543883,0.03516063015563018,3.3306690738754696e-16,0.08299798495665942,0.05509419764516682,0.027636088244500572,1.0294591531252688e-16
104,0.0,5.708946883942747,60.046247139588075,2.220446049250313e-16,1.7763568394002505e-15,1.1102230246251565e-16,8.881784197001252e-16,1.1102230246251565e-16,0.7731506594400399,0.11059258749141852,0.07235213959449217,0.03515930837802926,2.220446049250313e-16,0.08594640593222612,0.056228057419633416,0.027323858304598398,1.0294591531252688e-16
105,0.0,5.708946883942747,60.045057208237964,2.220446049250313e-16,0.0,1.1102230246251565e-16,1.7763568394002505e-15,2.220446049250313e-16,0.7780908859034975,0.11563069332225709,0.0746493034592661,0.035157975481514184,3.3306690738754696e-16,0.0888247064613785,0.05734379235136326,0.027007507800878426,2.0589183062505376e-16
106,0.0,5.708946883942747,60.043867276887845,2.220446049250313e-16,1.7763568394002505e-15,3.3306690738754696e-16,8.881784197001252e-16,0.0,0.7830767017669923,0.1207152945186621,0.07698721880075118,0.03515663016425203,0.0,0.09163440312954738,0.058440629843470926,0.026687229932156078,0.0
107,0.0,5.708946883942747,60.04267734553773,1.1102230246251565e-16,7.105427357601002e-15,2.220446049250313e-16,8.881784197001252e-16,2.220446049250313e-16,0.788113242368085,0.12585162794077961,0.0793671190348683,0.035155271045134835,2.220446049250313e-16,0.09437710824880916,0.059518015834285176,0.026363209401662698,2.0589183062505376e-16
108,0.0,5.708946883942747,60.04148741418762,1.1102230246251565e-16,1.7763568394002505e-15,2.220446049250313e-16,2.6645352591003757e-15,1.1102230246251565e-16,0.7932059544870014,0.1310452480634601,0.08179055540897026,0.03515389665880629,2.220446049250313e-16,0.09705452202595598,0.06057559033053183,0.0260356227180254,1.0294591531252688e-16
109,0.0,5.708946883942747,60.0402974828375,1.1102230246251565e-16,5.329070518200751e-15,1.1102230246251565e-16,0.0,2.220446049250313e-16,0.7983606171831902,0.13630204822556963,0.08425938985251769,0.03515250544994675,0.0,0.09966842564680013,0.06161316606675158,0.025704638494783053,2.0589183062505376e-16
110,0.0,5.708946883942747,60.03910755148739,1.1102230246251565e-16,3.552713678800501e-15,1.1102230246251565e-16,0.0,1.1102230246251565e-16,0.803583365309746,0.14162828461016666,0.08677579158795025,0.035151095767014216,3.3306690738754696e-16,0.10222067525813498,0.06263070993618966,0.025370417747117378,1.0294591531252688e-16
111,0.0,5.708946883942747,60.03791762013728,5.551115123125783e-17,0.0,0.0,8.881784197001252e-16,1.1102230246251565e-16,0.8088807159766815,0.1470306032319248,0.08934223733783028,0.03514966585491767,3.3306690738754696e-16,0.10471319683293921,0.06362832688031897,0.025033114184209917,1.0294591531252688e-16
112,0.0,5.708946883942747,60.03672768878716,5.551115123125783e-17,1.7763568394002505e-15,1.1102230246251565e-16,1.7763568394002505e-15,1.1102230246251565e-16,0.8142595982758307,0.15251607025076427,0.09196151502396634,0.03514821384715717,3.3306690738754696e-16,0.10714798190885108,0.0646062459640977,0.02469287449664507,1.0294591531252688e-16
113,0.0,5.708946883942747,60.03553775743705,0.0,3.552713678800501e-15,0.0,3.552713678800501e-15,3.3306690738754696e-16,0.8197273866290194,0.15809220598053952,0.09463673091445012,0.0351467377566926,2.220446049250313e-16,0.10952708419568272,0.06556480840141526,0.024349838637552516,3.0883774593758063e-16
114,0.0,5.708946883942747,60.03434782608693,0.0,5.329070518200751e-15,2.220446049250313e-16,2.6645352591003757e-15,2.220446049250313e-16,0.8252919381766038,0.16376702301800275,0.09737132023581006,0.03514523546578001,0.0,0.11185261705339394,0.06650445732974086,0.024004140097076253,2.0589183062505376e-16
115,0.0,5.708946883942747,60.03315789473682,5.551115123125783e-17,1.7763568394002505e-15,0.0,8.881784197001252e-16,0.0,0.8309616346889275,0.16954906898422986,0.10016906132896129,0.03514370471468982,0.0,0.11412675184949367,0.06742572916369356,0.023655906169666688,0.0
116,0.0,5.708946883942747,60.031967963386705,5.551115123125783e-17,5.329070518200751e-15,0.0,2.6645352591003757e-15,1.1102230246251565e-16,0.8367454295576042,0.17544747444672168,0.10303409349264996,0.03514214308911189,1.1102230246251565e-16,0.11635171721210236,0.06832924638594663,0.023305258213752445,1.0294591531252688e-16
117,0.0,5.708946883942747,60.03077803203659,5.551115123125783e-17,5.329070518200751e-15,1.1102230246251565e-16,8.881784197001252e-16,2.220446049250313e-16,0.8426529005128981,0.18147200668056046,0.10597093872522659,0.03514054800560038,1.1102230246251565e-16,0.11852979920415203,0.06921571165897142,0.02295231190317719,2.0589183062505376e-16
118,0.0,5.708946883942747,60.029588100686475,5.551115123125783e-17,3.552713678800501e-15,1.1102230246251565e-16,0.0,3.3306690738754696e-16,0.8486943088155686,0.18763313003260965,0.10898452765006962,0.035138916695726274,0.0,0.12066334245471644,0.07008590316550382,0.02259717747077655,3.0883774593758063e-16
119,0.0,5.708946883942747,60.02839816933636,5.551115123125783e-17,3.552713678800501e-15,2.220446049250313e-16,2.6645352591003757e-15,3.3306690738754696e-16,0.8548806657935836,0.1939420737757978,0.11208022998896919,0.03513724618818728,2.220446049250313e-16,0.12275475229479854,0.07094067110649246,0.022239959943599102,3.0883774593758063e-16
120,0.0,5.708946883942747,60.027208237986244,5.551115123125783e-17,3.552713678800501e-15,1.1102230246251565e-16,0.0,2.220446049250313e-16,0.8612238077371943,0.2004109084873921,0.11526389003888599,0.03513553328819431,1.1102230246251565e-16,0.12480649795909558,0.0717809353067258,0.02188075936944634,2.0589183062505376e-16
121,0.0,5.708946883942747,60.02601830663613,0.0,5.329070518200751e-15,2.220446049250313e-16,8.881784197001252e-16,1.1102230246251565e-16,0.8677364803355269,0.20705263215769004,0.11854186770941065,0.03513377455497308,2.220446049250313e-16,0.12682111693082843,0.07260768389809434,0.02151967103545039,1.0294591531252688e-16
122,0.0,5.708946883942747,60.02482837528601,5.551115123125783e-17,0.0,0.0,8.881784197001252e-16,2.220446049250313e-16,0.8744324340396962,0.2138812674417032,0.12192108579470282,0.03513196627569082,2.220446049250313e-16,0.12880122052563492,0.07342197306946782,0.02115678567786585,2.0589183062505376e-16
123,0.0,5.708946883942747,60.0236384439359,5.551115123125783e-17,3.552713678800501e-15,1.1102230246251565e-16,8.881784197001252e-16,0.0,0.8813265319781968,0.22091197171149624,0.12540908429254036,0.035130104436351006,1.1102230246251565e-16,0.13074950083224104,0.07422492789341566,0.020792189683753376,0.0
124,0.0,5.708946883942747,60.02244851258579,1.1102230246251565e-16,7.105427357601002e-15,0.0,8.881784197001252e-16,2.220446049250313e-16,0.8884348723384654,0.22816116186137805,0.12901408274270065,0.035128184688632096,1.1102230246251565e-16,0.13266873915397218,0.07501774425999568,0.020425965284311526,2.0589183062505376e-16
125,0.0,5.708946883942747,60.02125858123567,1.1102230246251565e-16,3.552713678800501e-15,1.1102230246251565e-16,8.881784197001252e-16,0.0,0.8957749274750666,0.23564665617088645,0.13274505174885748,0.03512620231220554,2.220446049250313e-16,0.13456181612571946,0.07580169197086079,0.020058190740046625,0.0
126,0.0,5.708946883942747,60.02006864988556,1.1102230246251565e-16,1.7763568394002505e-15,0.0,8.881784197001252e-16,1.1102230246251565e-16,0.903365702423262,0.24338783595737762,0.13661179507654145,0.035124152171778555,1.1102230246251565e-16,0.13643172371825513,0.0765781190716595,0.019688940517870547,1.0294591531252688e-16
127,0.0,5.708946883942747,60.01887871853544,1.1102230246251565e-16,3.552713678800501e-15,1.1102230246251565e-16,0.0,0.0,0.9112279160035359,0.2514058302671482,0.1406250439956512,0.03512202866804913,1.1102230246251565e-16,0.1382815793865201,0.07734845752922286,0.019318285460268064,0.0
128,0.0,5.708946883942747,60.01768878718533,1.1102230246251565e-16,3.552713678800501e-15,1.1102230246251565e-16,0.0,0.0,0.9193842083197461,0.2597237274825985,0.14479656586888667,0.03511982568149582,1.1102230246251565e-16,0.14011464267219656,0.07811423039213675,0.018946292946616948,0.0
129,0.0,5.708946883942747,60.016498855835216,5.551115123125783e-17,0.0,1.1102230246251565e-16,8.881784197001252e-16,0.0,0.9278593792075165,0.26836681849279914,0.14913928939478616,0.03511753650767441,0.0,0.14193433463701935,0.0788770606119282,0.01857302704671645,0.0
130,0.0,5.708946883942747,60.0153089244851,5.551115123125783e-17,1.7763568394002505e-15,1.6653345369377348e-16,0.0,0.0,0.9366806631162654,0.27736287701918355,0.15366744941159402,0.03511515378289519,1.1102230246251565e-16,0.14374426058353978,0.07963868174723444,0.018198548666808232,0.0
131,0.0,5.708946883942747,60.014118993134986,2.7755575615628914e-17,0.0,0.0,0.0,1.1102230246251565e-16,0.9458780470514553,0.28674248385401124,0.1583967547838846,0.035112669397852826,0.0,0.14554823661906224,0.080400950829156,0.017822915687818113,1.0294591531252688e-16
132,0.0,5.708946883942747,60.012929061784874,0.0,1.7763568394002505e-15,1.6653345369377348e-16,0.0,1.1102230246251565e-16,0.9554846396221786,0.29653940321659766,0.16334458365324725,0.035110074397632154,5.551115123125783e-17,0.14735032074153773,0.08116586373217523,0.01744618309618553,1.0294591531252688e-16
133,0.0,5.708946883942747,60.011739130434755,2.7755575615628914e-17,0.0,0.0,0.0,2.220446049250313e-16,0.9655371010083091,0.3067910212351832,0.16853021128595463,0.03510735886515575,1.1102230246251565e-16,0.14915484927825828,0.08193557347925029,0.01706840310712949,2.0589183062505376e-16
134,0.0,5.708946883942747,60.01054919908464,2.7755575615628914e-17,0.0,5.551115123125783e-17,1.7763568394002505e-15,1.1102230246251565e-16,0.976076145879907,0.31753885882604943,0.1739750769388993,0.035104511784687834,0.0,0.15096647970004212,0.08271241201190266,0.016689625280243685,1.0294591531252688e-16
135,0.0,5.708946883942747,60.009359267734524,0.0,3.552713678800501e-15,5.551115123125783e-17,1.3322676295501878e-15,1.1102230246251565e-16,0.9871471341009066,0.32882917409523643,0.17970309766850212,0.035101520881758205,1.6653345369377348e-16,0.1527902410742791,0.08349891608648151,0.016309896627494443,1.0294591531252688e-16
136,0.0,5.708946883942747,60.00816933638441,2.7755575615628914e-17,1.7763568394002505e-15,5.551115123125783e-17,4.440892098500626e-16,2.220446049250313e-16,0.9988007676017608,0.3407136730118434,0.18574103891359783,0.035098372433796717,0.0,0.15463159372605226,0.08429785812130863,0.015929261713074454,2.0589183062505376e-16
137,0.0,5.708946883942747,60.0069794050343,0.0,1.7763568394002505e-15,0.0,0.0,1.1102230246251565e-16,1.0110939163459076,0.35325035173168595,0.19211895412139843,0.03509505104631314,0.0,0.15649650006699709,0.08511228302857475,0.015547762745307307,1.0294591531252688e-16
138,0.0,5.708946883942747,60.00578947368418,5.551115123125783e-17,8.881784197001252e-16,5.551115123125783e-17,1.3322676295501878e-15,5.551115123125783e-17,1.024090602155247,0.3665044999060914,0.19887070882345684,0.03509153938547745,1.1102230246251565e-16,0.1583915090534247,0.08594555233330715,0.015165439659533854,5.147295765626344e-17
139,0.0,5.708946883942747,60.00459954233407,5.551115123125783e-17,0.0,0.0,4.440892098500626e-16,0.0,1.03786317672996,0.38054990203098576,0.20603460863765266,0.035087817858599456,5.551115123125783e-17,0.1603238573860607,0.08680139722943943,0.01478233019198657,0.0
140,0.0,5.708946883942747,60.00340961098395,5.551115123125783e-17,1.7763568394002505e-15,5.551115123125783e-17,1.3322676295501878e-15,2.7755575615628914e-16,1.0524937400841372,0.39547028397277856,0.21365415599027002,0.03508386422865559,1.1102230246251565e-16,0.16230159141265518,0.08768398267702811,0.014398469943213924,2.573647882813172e-16
141,0.0,5.708946883942747,60.00221967963384,0.0,0.0,1.1102230246251565e-16,1.3322676295501878e-15,1.1102230246251565e-16,1.0680758586379413,0.4113610650851842,0.22177896736031524,0.03507965314759456,5.551115123125783e-17,0.16433371481330902,0.08859798524255827,0.014013892430273726,1.0294591531252688e-16
142,0.0,5.708946883942747,60.00102974828373,1.3877787807814457e-17,1.7763568394002505e-15,5.551115123125783e-17,4.440892098500626e-16,5.551115123125783e-17,1.0847166595016111,0.42833149396794573,0.23046589216535576,0.03507515558728099,1.6653345369377348e-16,0.1664303686334875,0.08954868817887147,0.013628629125984747,5.147295765626344e-17
143,0.0,5.708946883942747,59.99983981693361,1.3877787807814457e-17,1.7763568394002505e-15,1.6653345369377348e-16,0.0,1.1102230246251565e-16,1.1025394006762606,0.4465072695672931,0.23978038691156384,0.03507033814071366,0.0,0.16860305222107036,0.09054209830719458,0.013242709483049528,1.0294591531252688e-16
144,0.0,5.708946883942747,59.9986498855835,2.7755575615628914e-17,8.881784197001252e-16,5.551115123125783e-17,0.0,5.551115123125783e-17,1.1216866483016028,0.46603378134509144,0.24979821517948422,0.035065162158210546,0.0,0.17086489632051272,0.09158509070844897,0.012856160940376251,5.147295765626344e-17
145,0.0,5.708946883942747,59.997459954233385,2.7755575615628914e-17,0.0,1.1102230246251565e-16,8.881784197001252e-16,0.0,1.1423242350673062,0.4870801460817542,0.2606075672388394,0.03505958267042969,5.551115123125783e-17,0.17323100326815757,0.09268558920995425,0.012469008907503394,0.0
146,0.0,5.708946883942747,59.996270022883266,6.938893903907228e-18,8.881784197001252e-16,5.551115123125783e-17,0.0,0.0,1.1646462334223207,0.5098442795739525,0.27231172527383485,0.03505354703506989,1.1102230246251565e-16,0.17571887434290037,0.09385279339699001,0.012081276722130907,0.0
147,0.0,5.708946883942747,59.995080091533154,1.3877787807814457e-17,2.6645352591003757e-15,1.1102230246251565e-16,8.881784197001252e-16,5.551115123125783e-17,1.1888812606426953,0.5345593265664166,0.2850324453683655,0.03504699322037196,2.220446049250313e-16,0.17834895148922375,0.09509746672718727,0.011692985573466867,5.147295765626344e-17
148,0.0,5.708946883942747,59.993890160183035,1.3877787807814457e-17,8.881784197001252e-16,0.0,1.3322676295501878e-15,5.551115123125783e-17,1.215300551322967,0.5615018931095761,0.298914291644778,0.03503984760628409,5.551115123125783e-17,0.1811453108042695,0.09643230580037367,0.011304154381427714,5.147295765626344e-17
149,0.0,5.708946883942747,59.99270022883292,0.0,8.881784197001252e-16,0.0,4.440892098500626e-16,5.551115123125783e-17,1.2442284036333668,0.5910026996919667,0.31413025065540634,0.035032022137769146,0.0,0.18413655984239702,0.09787241873559013,0.010914799617892821,5.147295765626344e-17
150,0.0,5.708946883942747,59.99151029748281,0.0,8.881784197001252e-16,0.0,0.0,1.6653345369377348e-16,1.2760558556698127,0.6234605284338519,0.3308890900353465,0.0350234105957897,5.551115123125783e-17,0.18735701225373055,0.0994359521878788,0.010524935050253162,1.5441887296879031e-16
151,0.0,5.708946883942747,59.99032036613269,0.0,8.881784197001252e-16,0.0,4.440892098500626e-16,0.0,1.3078525862716337,0.6558871801701265,0.34764890871047227,0.0350148012011706,0.0,0.18988533647904543,0.10064753817865162,0.010137105143763552,0.0
152,0.0,5.708946883942747,59.98913043478258,0.0,0.0,8.326672684688674e-17,0.0,0.0,1.3396186176392904,0.688282677385639,0.36440842053378786,0.0350061939534108,0.0,0.1917652685209614,0.10152932931625647,0.009753219721976899,0.0
153,0.0,5.708946883942747,59.98794050343247,0.0,8.881784197001252e-16,8.326672684688674e-17,0.0,5.551115123125783e-17,1.3713539719594365,0.720647042553343,0.38116656664753584,0.034997588851907305,5.551115123125783e-17,0.19304084203156918,0.10210367993632058,0.009374858456519317,5.147295765626344e-17
154,0.0,5.708946883942747,59.98675057208235,0.0,4.440892098500626e-16,2.7755575615628914e-17,8.881784197001252e-16,0.0,1.40305867140482,0.7529802981337166,0.3979224675990425,0.034988985896171575,5.551115123125783e-17,0.19375579370360158,0.10239282984328035,0.009003314894160685,0.0
155,0.0,5.708946883942747,59.98556064073224,0.0,1.7763568394002505e-15,0.0,0.0,5.551115123125783e-17,1.4347327381343018,0.7852824665744037,0.41467538705212875,0.034980385085637666,5.551115123125783e-17,0.19395309411728665,0.10241865544749619,0.008639635047971354,5.147295765626344e-17
156,0.0,5.708946883942747,59.98437070938212,0.0,4.440892098500626e-16,8.326672684688674e-17,4.440892098500626e-16,5.551115123125783e-17,1.4663761942927696,0.817553570309842,0.4314247039508104,0.0349717864197573,2.7755575615628914e-17,0.1936745835677366,0.10220247689315408,0.008284651205057288,5.147295765626344e-17
157,0.0,5.708946883942747,59.98318077803201,0.0,4.440892098500626e-16,0.0,6.661338147750939e-16,0.0,1.4979890620111493,0.849793631761133,0.4481698909274954,0.03496318989801505,0.0,0.19296069542489908,0.10176491160877392,0.007939011525671398,0.0
158,0.0,5.708946883942747,59.981990846681896,0.0,8.881784197001252e-16,2.7755575615628914e-17,2.220446049250313e-16,2.7755575615628914e-17,1.5295713634063424,0.882002673335719,0.4649104973822541,0.034954595519828914,2.7755575615628914e-17,0.19185025217937388,0.10112576623639524,0.007603205940346,2.573647882813172e-17
159,0.0,5.708946883942747,59.98080091533178,0.0,4.440892098500626e-16,2.7755575615628914e-17,4.440892098500626e-16,0.0,1.5611231205812695,0.9141807174272836,0.481646136097087,0.034946003284708274,8.326672684688674e-17,0.19038032156152715,0.10030396017002435,0.007277588791586109,0.0
160,0.0,5.708946883942747,59.979610983981665,0.0,4.440892098500626e-16,0.0,6.661338147750939e-16,5.551115123125783e-17,1.592644355624759,0.9463277864157159,0.49837647255323475,0.03493741319204462,5.551115123125783e-17,0.18858612203789007,0.09931747500484958,0.0069623986133582,5.147295765626344e-17
161,0.0,5.708946883942747,59.978421052631546,0.0,4.440892098500626e-16,5.551115123125783e-17,4.440892098500626e-16,8.326672684688674e-17,1.6241350906116379,0.9784439026669302,0.5151012163363621,0.0349288252413459,5.551115123125783e-17,0.18650096863185506,0.09818332510257369,0.00665777539512278,7.720943648439516e-17
162,0.0,5.708946883942747,59.977231121281434,0.0,4.440892098500626e-16,5.551115123125783e-17,0.0,0.0,1.6555953476026823,1.010529088532868,0.5318201141690418,0.03492023943206891,2.7755575615628914e-17,0.18415625142287512,0.09691754524241061,0.00636377563552928,0.0
163,0.0,5.708946883942747,59.97604118993132,0.0,4.440892098500626e-16,5.551115123125783e-17,4.440892098500626e-16,2.7755575615628914e-17,1.6870251486445538,1.0425833663513737,0.5485329442221839,0.03491165576367173,2.7755575615628914e-17,0.18158144028198828,0.09553519197467722,0.006080385454816476,2.573647882813172e-17
164,0.0,5.708946883942747,59.974851258581204,0.0,8.881784197001252e-16,2.7755575615628914e-17,2.220446049250313e-16,2.7755575615628914e-17,1.7184245157698732,1.074606758446203,0.5652395114402077,0.03490307423556706,2.7755575615628914e-17,0.17880411043025918,0.0940503558429465,0.005807532002679374,2.573647882813172e-17
165,0.0,5.708946883942747,59.97366132723109,0.0,4.440892098500626e-16,2.7755575615628914e-17,6.661338147750939e-16,5.551115123125783e-17,1.7497934709972174,1.1065992871270083,0.5819396436752713,0.034894494847283276,2.7755575615628914e-17,0.17584998428461168,0.09247618210614642,0.005545093370198381,5.147295765626344e-17
166,0.0,5.708946883942747,59.97247139588098,0.0,4.440892098500626e-16,1.3877787807814457e-17,4.440892098500626e-16,5.551115123125783e-17,1.781132036331009,1.1385609746892367,0.598633188471968,0.03488591759822103,2.7755575615628914e-17,0.17274298580391984,0.09082489798685882,0.005292907189332618,5.147295765626344e-17
167,0.0,5.708946883942747,59.97128146453086,0.0,0.0,4.163336342344337e-17,0.0,2.7755575615628914e-17,1.81244023376164,1.1704918434141371,0.6153200103783002,0.034877342487889804,2.7755575615628914e-17,0.1695053041852597,0.0891078448066964,0.00505077808174997,2.573647882813172e-17
168,0.0,5.708946883942747,59.97009153318075,0.0,0.0,5.551115123125783e-17,2.220446049250313e-16,5.551115123125783e-17,1.843718085265414,1.2023919155688128,0.631999988685291,0.03486876951571083,2.7755575615628914e-17,0.16615746430153142,0.08733551365310614,0.0048184840990919625,5.147295765626344e-17
169,0.0,5.708946883942747,59.96890160183063,0.0,6.661338147750939e-16,1.3877787807814457e-17,2.220446049250313e-16,2.7755575615628914e-17,1.8749656128045402,1.234261213406118,0.6486730155176051,0.03486019868115796,2.7755575615628914e-17,0.16271840173094732,0.08551758346171774,0.004595782279966106,2.573647882813172e-17
170,0.0,5.708946883942747,59.96771167048052,0.0,8.881784197001252e-16,1.3877787807814457e-17,4.440892098500626e-16,2.7755575615628914e-17,1.9061828383271555,1.2660997591647027,0.6653389942131034,0.03485162998369103,0.0,0.1592055406179025,0.08366296060094985,0.004382413433700714,2.573647882813172e-17
171,0.0,5.708946883942747,59.96652173913041,0.0,2.220446049250313e-16,0.0,4.440892098500626e-16,2.7755575615628914e-17,1.9373697837673065,1.2979075750689837,0.6819978379418138,0.03484306342277083,2.7755575615628914e-17,0.15563487293337838,0.08177981921653511,0.0041781062477614095,2.573647882813172e-17
172,0.0,5.708946883942747,59.96533180778029,0.0,4.440892098500626e-16,2.7755575615628914e-17,2.220446049250313e-16,2.7755575615628914e-17,1.9685264710449775,1.32968468332912,0.6986494685239358,0.034834498997844486,2.7755575615628914e-17,0.15202103798023162,0.07987564173743077,0.003982580803980662,2.573647882813172e-17
173,0.0,5.708946883942747,59.964141876430176,0.0,0.0,0.0,0.0,1.3877787807814457e-17,1.9996529220660788,1.3614311061410704,0.7152938154141991,0.03482593670839018,6.938893903907228e-17,0.14837740122183202,0.07795725906545442,0.0037955515784810455,1.286823941406586e-17
174,0.0,5.708946883942747,59.962951945080064,0.0,0.0,0.0,3.3306690738754696e-16,4.163336342344337e-17,2.030749158722437,1.3931468656866062,0.731930814826041,0.03481737655385636,6.938893903907228e-17,0.1447161317079935,0.07603089007224018,0.0036167299910705494,3.860471824219758e-17
175,0.0,5.708946883942747,59.961762013729945,0.0,2.220446049250313e-16,1.3877787807814457e-17,0.0,2.7755575615628914e-17,2.0618152028918084,1.424831984133154,0.7485604089734322,0.034808818533696564,2.7755575615628914e-17,0.14104827753560065,0.07410218011163089,0.003445826561939648,2.573647882813172e-17
176,0.0,5.708946883942747,59.960572082379834,0.0,2.220446049250313e-16,1.3877787807814457e-17,3.3306690738754696e-16,4.163336342344337e-17,2.0928510764379085,1.456486483633982,0.765182545412632,0.03480026264740047,1.3877787807814457e-17,0.1373838389175507,0.07217623832608683,0.0032825527264147246,3.860471824219758e-17
177,0.0,5.708946883942747,59.959382151029715,0.0,0.0,1.3877787807814457e-17,3.3306690738754696e-16,4.163336342344337e-17,2.1238568012103833,1.4881103863281284,0.7817971764685517,0.034791708894402876,1.3877787807814457e-17,0.13373183854646942,0.07025767358398399,0.00312662235232603,3.860471824219758e-17
178,0.0,5.708946883942747,59.9581922196796,0.0,2.220446049250313e-16,1.3877787807814457e-17,1.1102230246251565e-16,0.0,2.1548323990448157,1.519703714340377,0.7984042587334306,0.034783157274158955,1.3877787807814457e-17,0.13010038903302204,0.06835062893290784,0.002977752999129217,0.0
179,0.0,5.708946883942747,59.95700228832949,0.0,2.220446049250313e-16,1.3877787807814457e-17,2.220446049250313e-16,2.7755575615628914e-17,2.185777891762755,1.5512664897813015,0.8150037526275097,0.03477460778615677,0.0,0.12649675727518636,0.06645881449358362,0.0028356669530619698,2.573647882813172e-17
180,0.0,5.708946883942747,59.95581235697937,0.0,4.440892098500626e-16,0.0,1.1102230246251565e-16,0.0,2.216693301171729,1.5827987347472714,0.8315956220127506,0.034766060429833226,1.3877787807814457e-17,0.12292742567732555,0.064585538751321,0.0027000920684107856,0.0
181,0.0,5.708946883942747,59.95462242562926,0.0,0.0,0.0,1.1102230246251565e-16,2.7755575615628914e-17,2.24757864906518,1.6143004713204299,0.8481798338524706,0.03475751520466147,2.7755575615628914e-17,0.1193981501884824,0.062733738228004,0.002570762441263565,2.573647882813172e-17
182,0.0,5.708946883942747,59.95343249427914,0.0,0.0,2.0816681711721685e-17,1.1102230246251565e-16,1.3877787807814457e-17,2.278433957222577,1.645771721568727,0.8647563579104226,0.03474897211010098,2.7755575615628914e-17,0.11591401516989033,0.060906005538570666,0.002447418938799733,1.286823941406586e-17
183,0.0,5.708946883942747,59.95224256292903,0.0,1.1102230246251565e-16,2.0816681711721685e-17,0.0,1.3877787807814457e-17,2.309259247409322,1.6772125075458926,0.881325166484402,0.03474043114562093,0.0,0.11247948513383052,0.05910461585258629,0.002329809604332329,1.286823941406586e-17
184,0.0,5.708946883942747,59.95105263157892,0.0,2.220446049250313e-16,1.3877787807814457e-17,1.1102230246251565e-16,2.7755575615628914e-17,2.3400545413768317,1.7086228512914703,0.8978862341694815,0.03473189231065975,1.3877787807814457e-17,0.10909845342110654,0.05733155179444662,0.0022176899557543196,2.573647882813172e-17
185,0.0,5.708946883942747,59.9498627002288,0.0,0.0,2.0816681711721685e-17,1.1102230246251565e-16,0.0,2.3708198608625053,1.7400027748308524,0.9144395376474719,0.034723355604701175,1.3877787807814457e-17,0.10577428790364879,0.05558852682577234,0.002110823192836275,0.0
186,0.0,5.708946883942747,59.94867276887869,0.0,1.1102230246251565e-16,0.0,5.551115123125783e-17,0.0,2.401555227589721,1.7713523001751657,0.9309850554989367,0.03471482102720645,2.0816681711721685e-17,0.1025098738131323,0.05387700716095303,0.002008980326834194,0.0
187,0.0,5.708946883942747,59.947482837528575,0.0,0.0,1.3877787807814457e-17,1.1102230246251565e-16,2.7755575615628914e-17,2.432260663267879,1.802671449321449,0.9475227680352392,0.034706288577613,0.0,0.09930765380688109,0.05219823227222039,0.0019119402441774135,2.573647882813172e-17
188,0.0,5.708946883942747,59.946292906178456,0.0,0.0,6.938893903907228e-18,0.0,6.938893903907228e-18,2.4629361895923805,1.8339602442525214,0.9640526571481703,0.03469775825540431,0.0,0.0961696653892952,0.05055323404427884,0.0018194897144790162,6.43411970703293e-18
189,0.0,5.708946883942747,59.945102974828345,0.0,0.0,6.938893903907228e-18,1.1102230246251565e-16,1.3877787807814457e-17,2.493581828244652,1.8652187069370225,0.9805747061747543,0.034689230060034756,2.0816681711721685e-17,0.09309757581142379,0.04894285464077275,0.0017314233517726812,1.286823941406586e-17
190,0.0,5.708946883942747,59.943913043478226,0.0,1.1102230246251565e-16,6.938893903907228e-18,5.551115123125783e-17,0.0,2.524197600892155,1.8964468593295283,0.9970888997758938,0.03468070399099247,6.938893903907228e-18,0.09009271457338447,0.047367763146054224,0.0016475435367427859,0.0
191,0.0,5.708946883942747,59.942723112128114,0.0,2.220446049250313e-16,0.0,5.551115123125783e-17,2.0816681711721685e-17,2.5547835291883736,1.9276447233703864,1.0135952238269623,0.03467218004769802,6.938893903907228e-18,0.08715610365466088,0.04582847104588454,0.0015676603066599392,1.930235912109879e-17
192,0.0,5.708946883942747,59.941533180778,0.0,1.1102230246251565e-16,6.938893903907228e-18,5.551115123125783e-17,0.0,2.5853396347728266,1.958812320985816,1.0300936653189847,0.03466365822963896,6.938893903907228e-18,0.0842884855962848,0.04432534661021884,0.0014915912188733986,0.0
193,0.0,5.708946883942747,59.94034324942788,0.0,0.0,3.469446951953614e-18,1.1102230246251565e-16,1.3877787807814457e-17,2.615865939271086,1.989949674087965,1.0465842122694196,0.034655138536269725,0.0,0.0814903495566789,0.04285862824014633,0.00141916119288297,1.286823941406586e-17
194,0.0,5.708946883942747,59.93915331807777,0.0,2.220446049250313e-16,3.469446951953614e-18,0.0,6.938893903907228e-18,2.646362464294787,2.021056804574777,1.0630668536412886,0.03464662096704316,6.938893903907228e-18,0.07876195545990733,0.04142843683951541,0.0013502023353651757,6.43411970703293e-18
195,0.0,5.708946883942747,59.93796338672765,0.0,1.1102230246251565e-16,1.0408340855860843e-17,5.551115123125783e-17,6.938893903907228e-18,2.6768292314416264,2.052133734330135,1.0795415792698497,0.03463810552146553,0.0,0.07610335635141345,0.04003478726992366,0.0012845537519017636,6.43411970703293e-18
196,0.0,5.708946883942747,59.93677345537754,0.0,0.0,3.469446951953614e-18,5.551115123125783e-17,6.938893903907228e-18,2.707266262295354,2.0831804852238034,1.0960083797959856,0.03462959219895405,1.3877787807814457e-17,0.07351441907211442,0.03867759894564058,0.0012220613486290564,6.43411970703293e-18
197,0.0,5.708946883942747,59.93558352402743,0.0,5.551115123125783e-17,6.938893903907228e-18,5.551115123125783e-17,6.938893903907228e-18,2.737673578425808,2.114197079111434,1.1124672466054812,0.034621080998981014,1.3877787807814457e-17,0.07099484335725281,0.03735670562274369,0.0011625776265921461,6.43411970703293e-18
198,0.0,5.708946883942747,59.93439359267731,0.0,5.551115123125783e-17,1.3877787807814457e-17,5.551115123125783e-17,0.0,2.7680512013889356,2.145183537834605,1.1289181717739738,0.034612571921034035,0.0,0.06854417946167514,0.03607186443437429,0.00110596147114775,0.0
199,0.0,5.708946883942747,59.9332036613272,0.0,1.6653345369377348e-16,1.3877787807814457e-17,5.551115123125783e-17,6.938893903907228e-18,2.7983991527267524,2.1761398832208,1.1453611480164043,0.03460406496455719,3.469446951953614e-18,0.0661618444083679,0.03482276422152313,0.0010520779384336047,6.43411970703293e-18
200,0.0,5.708946883942747,59.932013729977086,0.0,5.551115123125783e-17,3.469446951953614e-18,2.7755575615628914e-17,0.0,2.828717453967368,2.207066137083411,1.1617961686410727,0.034595560129001314,3.469446951953614e-18,0.06384713695220558,0.033609033206317064,0.0010007980406121968,0.0
201,0.0,5.708946883942747,59.93082379862697,0.0,2.220446049250313e-16,6.938893903907228e-18,0.0,6.938893903907228e-18,2.859006126625029,2.2379623212218234,1.178223227507375,0.03458705741387149,1.0408340855860843e-17,0.06159925134600111,0.032430246052265695,0.0009519985313213259,6.43411970703293e-18
202,0.0,5.708946883942747,59.929633867276856,0.0,1.1102230246251565e-16,6.938893903907228e-18,1.3877787807814457e-16,6.938893903907228e-18,2.889265192200084,2.268828457421278,1.1946423189873498,0.034578556818579805,1.0408340855860843e-17,0.0594172899911425,0.03128593035351824,0.0009055616925309312,6.43411970703293e-18
203,0.0,5.708946883942747,59.92844393592674,0.0,5.551115123125783e-17,3.469446951953614e-18,0.0,3.469446951953614e-18,2.9194946721790243,2.2996645674530205,1.2110534379301776,0.03457005834264038,0.0,0.057300275050431074,0.030175572592756817,0.000861375123823667,3.217059853516465e-18
204,0.0,5.708946883942747,59.927254004576625,0.0,0.0,0.0,0.0,0.0,2.949694588034437,2.330470673074296,1.2274565796296995,0.03456156198546485,3.469446951953614e-18,0.055247159096152396,0.02909862360506056,0.0008193315349056264,0.0
205,0.0,5.708946883942747,59.92606407322651,0.0,0.0,0.0,8.326672684688674e-17,6.938893903907228e-18,2.979864961225095,2.3612467960281727,1.243851739794479,0.03455306774655394,3.469446951953614e-18,0.05325683486202109,0.028054503582810465,0.0007793285420438929,6.43411970703293e-18
206,0.0,5.708946883942747,59.924874141876394,0.0,1.1102230246251565e-16,0.0,5.551115123125783e-17,1.0408340855860843e-17,3.010005813195891,2.3919929580438697,1.2602389145203485,0.034544575625376196,6.938893903907228e-18,0.05132814416342436,0.027042606654560094,0.0007412684689563815,9.651179560549395e-18
207,0.0,5.708946883942747,59.92368421052628,0.0,0.0,1.734723475976807e-18,0.0,3.469446951953614e-18,3.0401171653779073,2.42270918083645,1.2766181002649633,0.034536085621372455,0.0,0.049459886046297245,0.026062305068718924,0.0007050581525961372,3.217059853516465e-18
208,0.0,5.708946883942747,59.92249427917617,0.0,1.1102230246251565e-16,5.204170427930421e-18,2.7755575615628914e-17,3.469446951953614e-18,3.070199039188342,2.4533954861070226,1.2929892938244443,0.03452759773403399,0.0,0.04765082422114724,0.02511295301093832,0.0006706087541611975,3.217059853516465e-18
209,0.0,5.708946883942747,59.92130434782605,0.0,0.0,1.734723475976807e-18,0.0,3.469446951953614e-18,3.100251456030616,2.484051895542718,1.3093524923117634,0.03451911196280348,3.469446951953614e-18,0.04589969383503523,0.02419389008220366,0.0006378355755743246,3.217059853516465e-18
210,0.0,5.708946883942747,59.92011441647594,0.0,5.551115123125783e-17,5.204170427930421e-18,0.0,3.469446951953614e-18,3.1302744372943043,2.5146784308166215,1.3257076931367089,0.03451062830715082,6.938893903907228e-18,0.04420520763085251,0.023304444462863463,0.000606657881617638,3.217059853516465e-18
211,0.0,5.708946883942747,59.91892448512582,0.0,8.326672684688674e-17,1.734723475976807e-18,2.7755575615628914e-17,3.469446951953614e-18,3.1602680043551685,2.545275113587871,1.3420548939874253,0.03450214676656417,3.469446951953614e-18,0.042566061539939276,0.0224439357861475,0.0005769987278331541,3.217059853516465e-18
212,0.0,5.708946883942747,59.91773455377571,0.0,8.326672684688674e-17,5.204170427930421e-18,2.7755575615628914e-17,0.0,3.1902321785751955,2.5758419655015907,1.3583940928132987,0.0344936673404657,3.469446951953614e-18,0.04098093975096896,0.021611677743131157,0.0005487847942543813,0.0
213,0.0,5.708946883942747,59.9165446224256,0.0,5.551115123125783e-17,1.734723475976807e-18,2.7755575615628914e-17,3.469446951953614e-18,3.2201669813025595,2.606379008188995,1.3747252878090792,0.034485190028355574,1.734723475976807e-18,0.039448519295104595,0.020806980439612387,0.0005219462249944162,3.217059853516465e-18
214,0.0,5.708946883942747,59.91535469107548,0.0,5.551115123125783e-17,0.0,1.3877787807814457e-17,3.469446951953614e-18,3.250072433871658,2.6368862632672956,1.3910484774000151,0.0344767148296874,0.0,0.03796747418466344,0.020029152523954256,0.0004964164736655046,3.217059853516465e-18
215,0.0,5.708946883942747,59.91416475972537,0.0,0.0,0.0,0.0,3.469446951953614e-18,3.2799485576031033,2.667363752339746,1.4073636602283097,0.03446824174394524,1.734723475976807e-18,0.036536479139948924,0.01927750310363537,0.0004721321545903533,3.217059853516465e-18
216,0.0,5.708946883942747,59.91297482837525,0.0,2.7755575615628914e-17,0.0,1.3877787807814457e-17,3.469446951953614e-18,3.3097953738037305,2.697811496995714,1.423670835140259,0.034459770770551186,3.469446951953614e-18,0.035154212936473375,0.018551343466992085,0.0004490328997259599,3.217059853516465e-18
217,0.0,5.708946883942747,59.911784897025136,0.0,5.551115123125783e-17,3.469446951953614e-18,1.3877787807814457e-17,5.204170427930421e-18,3.339612903766647,2.728229518810559,1.4399700011744765,0.03445130190900739,1.734723475976807e-18,0.03381936140251738,0.017849988625493113,0.0004270612212113011,4.825589780274697e-18
218,0.0,5.708946883942747,59.910594965675024,0.0,5.551115123125783e-17,0.0,1.3877787807814457e-17,5.204170427930421e-18,3.369401168771173,2.7586178393457415,1.4562611575508126,0.03444283515876654,1.734723475976807e-18,0.03253062009485169,0.017172758690783295,0.00040616237942011225,4.825589780274697e-18
219,0.0,5.708946883942747,59.909405034324905,0.0,2.7755575615628914e-17,2.6020852139652106e-18,4.163336342344337e-17,3.469446951953614e-18,3.3991601900829043,2.788976480148858,1.4725443036600179,0.03443437051931591,3.469446951953614e-18,0.03128669667844721,0.01651898009972718,0.00038628425639989646,3.217059853516465e-18
220,0.0,5.708946883942747,59.90821510297479,0.0,2.7755575615628914e-17,3.469446951953614e-18,2.7755575615628914e-17,3.469446951953614e-18,3.4288899889536824,2.819305462753507,1.4888194390542595,0.03442590799006933,0.0,0.030086313034141058,0.015887986699728896,0.0003673772345555586,3.217059853516465e-18
221,0.0,5.708946883942747,59.90702517162468,0.0,5.551115123125783e-17,8.673617379884035e-19,0.0,5.204170427930421e-18,3.4585905866216287,2.8496048086794348,1.5050865634380306,0.03441744757055306,0.0,0.02892820711649652,0.01527912070571227,0.0003493940804386543,4.825589780274697e-18
222,0.0,5.708946883942747,59.90583524027456,0.0,2.7755575615628914e-17,1.734723475976807e-18,1.3877787807814457e-17,0.0,3.488262004311153,2.87987453943248,1.521345676659812,0.034408989260215295,1.734723475976807e-18,0.027811134582466104,0.014691733539328757,0.00033228983348387875,0.0
223,0.0,5.708946883942747,59.90464530892445,0.0,4.163336342344337e-17,1.734723475976807e-18,2.7755575615628914e-17,5.204170427930421e-18,3.5179042632329574,2.910114676504611,1.5375967787042866,0.03440053305849409,1.734723475976807e-18,0.02673387020996476,0.01412518656017824,0.0003160216995448451,4.825589780274697e-18
224,0.0,5.708946883942747,59.90345537757433,0.0,0.0,8.673617379884035e-19,2.7755575615628914e-17,0.0,3.547517384584006,2.9403252413739303,1.553839869684911,0.03439207896491329,1.734723475976807e-18,0.025695209124048587,0.01357885169811409,0.000300548949068404,0.0
225,0.0,5.708946883942747,59.90226544622422,0.0,0.0,8.673617379884035e-19,1.3877787807814457e-17,1.734723475976807e-18,3.577101389547608,2.9705062555046275,1.5700749498371018,0.03438362697889152,0.0,0.02469396784708889,0.013052111995034501,0.0002858328197456712,1.6085299267582325e-18
226,0.0,5.708946883942747,59.90107551487411,0.0,1.3877787807814457e-17,8.673617379884035e-19,1.3877787807814457e-17,1.734723475976807e-18,3.6066562992933577,3.0006577403470867,1.5863020195118307,0.0343751770998976,1.734723475976807e-18,0.02372898518811158,0.012544362063936517,0.00027183642348621535,1.6085299267582325e-18
227,0.0,5.708946883942747,59.89988558352399,0.0,1.3877787807814457e-17,8.673617379884035e-19,0.0,3.469446951953614e-18,3.636182134977196,3.030779717337758,1.602521079169509,0.034366729327422664,1.734723475976807e-18,0.02279912298533221,0.012055008472429088,0.00025852465755175024,3.217059853516465e-18
228,0.0,5.708946883942747,59.89869565217388,0.0,2.7755575615628914e-17,8.673617379884035e-19,2.0816681711721685e-17,3.469446951953614e-18,3.665678917741359,3.0608722078993718,1.6187321293743557,0.03435828366093636,0.0,0.021903266714875427,0.011583470057365576,0.00024586411969394295,3.217059853516465e-18
229,0.0,5.708946883942747,59.89750572082376,0.0,4.163336342344337e-17,0.0,6.938893903907228e-18,0.0,3.6951466687144467,3.0909352334407334,1.6349351707891404,0.03434984009988909,3.469446951953614e-18,0.021040325977668202,0.011129178176750644,0.00023382302714182888,0.0
230,0.0,5.708946883942747,59.89631578947365,0.0,5.551115123125783e-17,0.0,2.7755575615628914e-17,3.469446951953614e-18,3.724585409011407,3.1209688153568114,1.651130204170083,0.03434139864372902,0.0,0.02020923487560615,0.010691576904611212,0.00022237113928631056,3.217059853516465e-18
231,0.0,5.708946883942747,59.895125858123535,0.0,2.7755575615628914e-17,1.734723475976807e-18,6.938893903907228e-18,0.0,3.753995159733516,3.1509729750288606,1.667317230362197,0.034332959291985404,8.673617379884035e-19,0.019408952287229417,0.010270123174090054,0.0002114796839130072,0.0
232,0.0,5.708946883942747,59.893935926773416,0.0,2.7755575615628914e-17,8.673617379884035e-19,2.0816681711721685e-17,8.673617379884035e-19,3.7833759419684356,3.180947733824182,1.6834962502948945,0.034324522044059454,1.734723475976807e-18,0.018638462052364194,0.0098642868736155,0.00020112128683567437,8.0426496337911625e-19
233,0.0,5.708946883942747,59.892745995423304,0.0,2.7755575615628914e-17,4.336808689942018e-19,0.0,8.673617379884035e-19,3.81272777679021,3.21089311309641,1.6996672649777547,0.034316086899482186,8.673617379884035e-19,0.017896773074462035,0.009473550900629141,0.00019126990479334337,8.0426496337911625e-19
234,0.0,5.708946883942747,59.89155606407319,0.0,2.7755575615628914e-17,4.336808689942018e-19,6.938893903907228e-18,1.734723475976807e-18,3.842050685259198,3.240809134185305,1.7158302754966983,0.03430765385766801,1.734723475976807e-18,0.017182919348677522,0.009097411177005495,0.00018190076146735177,1.6085299267582325e-18
235,0.0,5.708946883942747,59.890366132723074,0.0,0.0,2.168404344971009e-18,1.3877787807814457e-17,1.734723475976807e-18,3.871344688422228,3.2706958184168666,1.7319852830101705,0.034299222918106796,8.673617379884035e-19,0.016495959923111727,0.008735376629974848,0.0001729902864904239,1.6085299267582325e-18
236,0.0,5.708946883942747,59.88917620137296,0.0,1.3877787807814457e-17,1.3010426069826053e-18,1.3877787807814457e-17,1.734723475976807e-18,3.9006098073124367,3.3005531871033034,1.748132288745764,0.03429079408026725,0.0,0.0158349788000539,0.00838696914206474,0.00016451605731419806,1.6085299267582325e-18
237,0.0,5.708946883942747,59.88798627002284,0.0,0.0,4.336808689942018e-19,6.938893903907228e-18,0.0,3.9298460629494656,3.3303812615430757,1.764271293996838,0.03428236734362068,8.673617379884035e-19,0.015199084783517707,0.00805172347329391,0.00015645674381255823,0.0
238,0.0,5.708946883942747,59.88679633867273,0.0,1.3877787807814457e-17,1.3010426069826053e-18,0.0,8.673617379884035e-19,3.9590534763392724,3.360180063020906,1.7804023001195024,0.03427394270763141,1.734723475976807e-18,0.014587411278866832,0.007729187158599574,0.00014879205549926682,8.0426496337911625e-19
239,0.0,5.708946883942747,59.88560640732262,0.0,2.7755575615628914e-17,0.0,0.0,0.0,3.9882320684742836,3.389949612807677,1.7965253085295858,0.03426552017177627,8.673617379884035e-19,0.013999116049855204,0.007418920383237655,0.00014150269124385415,0.0
240,0.0,5.708946883942747,59.8844164759725,0.0,2.0816681711721685e-17,4.336808689942018e-19,1.3877787807814457e-17,8.673617379884035e-19,4.017381860333343,3.419689932160662,1.8126403206999266,0.03425709973552642,8.673617379884035e-19,0.01343338093798298,0.007120495838675256,0.00013457029137347492,8.0426496337911625e-19
241,0.0,5.708946883942747,59.88322654462239,0.0,0.0,0.0,0.0,8.673617379884035e-19,4.046502872881752,3.4494010423232853,1.8287473381577681,0.03424868139833105,8.673617379884035e-19,0.012889411548660166,0.006833498561291105,0.00012797739205317374,8.0426496337911625e-19
242,0.0,5.708946883942747,59.88203661327228,0.0,0.0,4.336808689942018e-19,0.0,8.673617379884035e-19,4.0755951270711925,3.4790829645252948,1.8448463624821845,0.03424026515966596,8.673617379884035e-19,0.012366436908309734,0.006557525756007236,0.00012170738184123188,8.0426496337911625e-19
243,0.0,5.708946883942747,59.88084668192216,0.0,2.0816681711721685e-17,4.336808689942018e-19,1.0408340855860843e-17,0.0,4.1046586438398815,3.5087357199827083,1.8609373953017891,0.034231851019025684,4.336808689942018e-19,0.01186370909618907,0.006292186606801224,0.00011574446031968559,0.0
244,0.0,5.708946883942747,59.879656750572046,0.0,6.938893903907228e-18,0.0,3.469446951953614e-18,0.0,4.133693444112422,3.538359329897858,1.8770204382925704,0.03422343897584885,0.0,0.011380502854399593,0.00603710207588548,0.00011007359870464726,0.0
245,0.0,5.708946883942747,59.87846681922193,0.0,6.938893903907228e-18,4.336808689942018e-19,1.0408340855860843e-17,2.168404344971009e-18,4.162699548799942,3.567953815459342,1.8930954931756068,0.03421502902962922,8.673617379884035e-19,0.010916115179252976,0.005791904693185933,0.00010468050234580554,2.0106624084477907e-18
246,0.0,5.708946883942747,59.877276887871815,0.0,6.938893903907228e-18,4.336808689942018e-19,3.469446951953614e-18,8.673617379884035e-19,4.191676978800004,3.5975191978420846,1.9091625617152934,0.0342066211798125,4.336808689942018e-19,0.010469864896894956,0.005556238337618553,9.955157502612457e-05,8.0426496337911625e-19
247,0.0,5.708946883942747,59.8760869565217,0.0,6.938893903907228e-18,0.0,0.0,1.3010426069826053e-18,4.220625754996694,3.627055498207327,1.9252216457172495,0.03419821542588515,8.673617379884035e-19,0.010041092225834275,0.005329758011525811,9.46738849791459e-05,1.2063974450686743e-18
248,0.0,5.708946883942747,59.874897025171585,0.0,6.938893903907228e-18,2.168404344971009e-19,6.938893903907228e-18,8.673617379884035e-19,4.249545898260561,3.65656273770262,1.9412727470266495,0.03418981176732484,4.336808689942018e-19,0.009629158328789543,0.005112129609521857,9.003513254251634e-05,8.0426496337911625e-19
249,0.0,5.708946883942747,59.87370709382147,0.0,0.0,0.0,3.469446951953614e-18,1.734723475976807e-18,4.278437429448665,3.6860409374618524,1.9573158675264062,0.03418141020357814,0.0,0.009233444856054818,0.00490302968287986,8.562361937147927e-05,1.6085299267582325e-18
250,0.0,5.708946883942747,59.872517162471354,0.0,0.0,0.0,6.938893903907228e-18,8.673617379884035e-19,4.307300369404575,3.715490118605271,1.9733510091356559,0.03417301073413954,4.336808689942018e-19,0.008853353482380562,0.004702145200496049,8.142821913898378e-05,8.0426496337911625e-19
251,0.0,5.708946883942747,59.87132723112124,0.0,6.938893903907228e-18,1.0842021724855044e-18,3.469446951953614e-18,0.0,4.336134738958371,3.744910302239438,1.9893781738081535,0.03416461335846247,0.0,0.008488305439189008,0.004509173307366433,7.743834965152869e-05,0.0
252,0.0,5.708946883942747,59.87013729977113,0.0,3.469446951953614e-18,4.336808689942018e-19,6.938893903907228e-18,4.336808689942018e-19,4.364940558926688,3.774301509457301,2.005397363530794,0.0341562180760268,0.0,0.008137741043765629,0.00432382108142986,7.364394631446924e-05,4.0213248168955813e-19
253,0.0,5.708946883942747,59.86894736842101,0.0,1.734723475976807e-17,0.0,3.469446951953614e-18,0.0,4.393717850112643,3.803663761338174,2.021408580322286,0.03414782488629429,4.336808689942018e-19,0.007801119226917046,0.004145805289545234,7.003543688208315e-05,0.0
254,0.0,5.708946883942747,59.8677574370709,0.0,0.0,6.505213034913027e-19,0.0,4.336808689942018e-19,4.422466633305942,3.8329970789476917,2.037411826231728,0.0341394337887459,2.168404344971009e-19,0.007477917060437494,0.003974852143299306,6.660371743164167e-05,4.0213248168955813e-19
255,0.0,5.708946883942747,59.86656750572079,0.0,6.938893903907228e-18,2.168404344971009e-19,6.938893903907228e-18,4.336808689942018e-19,4.451186929282818,3.86230148333798,2.0534071033374657,0.0341310447828486,4.336808689942018e-19,0.007167629285595107,0.003810697055272455,6.334012950280365e-05,4.0213248168955813e-19
256,0.0,5.708946883942747,59.86537757437067,0.0,0.0,0.0,1.734723475976807e-18,0.0,4.479878758806077,3.8915769955474224,2.069394413745768,0.03412265786808538,2.168404344971009e-19,0.006869767843721314,0.0036530843963238887,6.023643834689262e-05,0.0
257,0.0,5.708946883942747,59.86418764302056,0.0,0.0,0.0,6.938893903907228e-18,2.168404344971009e-19,4.508542142625063,3.9208236366008924,2.085373759589758,0.03411427304389777,4.336808689942018e-19,0.006583861409879342,0.003501767254402887,5.72848122325952e-05,2.0106624084477906e-19
258,0.0,5.708946883942747,59.86299771167044,0.0,0.0,2.168404344971009e-19,1.734723475976807e-18,4.336808689942018e-19,4.5371771014757245,3.9500414275096594,2.1013451430283223,0.034105890309798756,6.505213034913027e-19,0.006309454930475766,0.003356507195335972,5.447780275790482e-05,4.0213248168955813e-19
259,0.0,5.708946883942747,59.861807780320326,0.0,3.469446951953614e-18,4.336808689942018e-19,1.734723475976807e-18,2.168404344971009e-19,4.5657836560805904,3.979230389271339,2.1173085662450295,0.034097509665223846,0.0,0.006046109165591541,0.0032170740259911874,5.1808326119188806e-05,2.0106624084477906e-19
260,0.0,5.708946883942747,59.860617848970215,0.0,3.469446951953614e-18,0.0,5.204170427930421e-18,2.168404344971009e-19,4.594361827148756,4.0083905428700755,2.1332640314471645,0.034089131109664175,4.336808689942018e-19,0.005793400236710831,0.0030832455601751997,4.926964529224374e-05,2.0106624084477906e-19
261,0.0,5.708946883942747,59.859427917620096,0.0,6.938893903907228e-18,3.2526065174565133e-19,0.0,4.336808689942018e-19,4.622911635375923,4.037521909276372,2.149211540864783,0.03408075464259855,2.168404344971009e-19,0.005550919180451919,0.0029548073875772566,4.6855353080617265e-05,4.0213248168955813e-19
262,0.0,5.708946883942747,59.858237986269984,0.0,6.938893903907228e-18,5.421010862427522e-19,0.0,2.168404344971009e-19,4.651433101444445,4.066624509447176,2.165151096749805,0.03407238026348128,4.336808689942018e-19,0.005318271508826714,0.002831552646033344,4.455935598976913e-05,2.0106624084477906e-19
263,0.0,5.708946883942747,59.85704805491987,0.0,0.0,0.0,3.469446951953614e-18,6.505213034913027e-19,4.679926246023216,4.095698364325918,2.1810827013751326,0.03406400797177386,4.336808689942018e-19,0.00509507677648559,0.0027132817973522694,4.237585888714958e-05,6.031987225343372e-19
264,0.0,5.708946883942747,59.85585812356975,0.0,0.0,0.0,0.0,0.0,4.708391089767826,4.124743494842456,2.1970063570338683,0.034055637766967004,0.0,0.004880968155344376,0.002599802406908434,4.0299350410116953e-05,0.0
265,0.0,5.708946883942747,59.85466819221964,0.0,5.204170427930421e-18,1.0842021724855044e-19,0.0,0.0,4.736827653320435,4.153759921913116,2.2129220660384914,0.03404726964855277,2.168404344971009e-19,0.0046755920169294805,0.0024909289271806225,3.832458908547219e-05,0.0
266,0.0,5.708946883942747,59.85347826086952,0.0,1.734723475976807e-18,1.0842021724855044e-19,0.0,4.336808689942018e-19,4.7652359573098835,4.182747666440698,2.228829830720135,0.03403890361597198,2.168404344971009e-19,0.004478607522728166,0.0023864824853846046,3.6446590126158704e-05,4.0213248168955813e-19
267,0.0,5.708946883942747,59.85228832951941,0.0,3.469446951953614e-18,3.2526065174565133e-19,3.469446951953614e-18,0.0,4.793616022351647,4.2117067493145095,2.2447296534278256,0.03403053966870826,2.168404344971009e-19,0.004289686222776439,0.002286290675326412,3.466061287250371e-05,0.0
268,0.0,5.708946883942747,59.8510983981693,0.0,1.734723475976807e-18,0.0,3.469446951953614e-18,0.0,4.821967869047836,4.240637191410293,2.2606215365278564,0.034022177806241026,1.0842021724855044e-19,0.004108511662683163,0.00219018735357744,3.29621488463936e-05,0.0
269,0.0,5.708946883942747,59.84990846681918,0.0,1.734723475976807e-18,0.0,8.673617379884035e-19,0.0,4.85029151798725,4.26953901359032,2.2765054824030795,0.034013818028018464,3.2526065174565133e-19,0.003934778999236606,0.0020980124400536014,3.134691038880027e-05,0.0
270,0.0,5.708946883942747,59.84871853546907,0.0,0.0,1.0842021724855044e-19,8.673617379884035e-19,0.0,4.878586989745367,4.298412236703361,2.292381493452244,0.03400546033354533,1.0842021724855044e-19,0.0037681946247142615,0.002009611723059399,2.9810819852419638e-05,0.0
271,0.0,5.708946883942747,59.84752860411895,0.0,1.734723475976807e-18,1.0842021724855044e-19,8.673617379884035e-19,1.0842021724855044e-19,4.906854304884331,4.327256881584727,2.3082495720895397,0.033997104722290214,1.0842021724855044e-19,0.003608475799975653,0.0019248366688457072,2.8349999322132825e-05,1.0053312042238953e-19
272,0.0,5.708946883942747,59.84633867276884,0.0,0.0,1.0842021724855044e-19,1.734723475976807e-18,2.168404344971009e-19,4.935093483952968,4.356072969056198,2.3241097207438504,0.033988751193707874,1.0842021724855044e-19,0.00345535029639277,0.0018435442357067713,2.6960760837907467e-05,2.0106624084477906e-19
273,0.0,5.708946883942747,59.845148741418726,0.0,1.734723475976807e-18,1.0842021724855044e-19,1.734723475976807e-18,3.2526065174565133e-19,4.963304547486815,4.384860519926133,2.3399619418583,0.033980399747282376,0.0,0.0033085560466422225,0.001765596692635186,2.563959709557351e-05,3.015993612671686e-19
274,0.0,5.708946883942747,59.84395881006861,0.0,1.734723475976807e-18,1.0842021724855044e-19,8.673617379884035e-19,1.0842021724855044e-19,4.991487516008088,4.413619554989403,2.3558062378896967,0.033972050382507155,0.0,0.00316784080436188,0.0016908614425365498,2.438317260215237e-05,1.0053312042238953e-19
275,0.0,5.708946883942747,59.842768878718495,0.0,0.0,2.168404344971009e-19,0.0,1.0842021724855044e-19,5.019642410025747,4.442350095027426,2.371642611308014,0.033963703098817216,3.2526065174565133e-19,0.003032961812647344,0.001619210849994932,2.318831526360624e-05,1.0053312042238953e-19
276,0.0,5.708946883942747,59.84157894736838,0.0,1.734723475976807e-18,1.0842021724855044e-19,0.0,1.0842021724855044e-19,5.04776925003546,4.471052160808166,2.387471064595931,0.033955357895727754,3.2526065174565133e-19,0.0029036854813519215,0.0015505220735697854,2.205200838410974e-05,1.0053312042238953e-19
277,0.0,5.708946883942747,59.840389016018264,0.0,1.734723475976807e-18,5.421010862427522e-20,0.0,1.0842021724855044e-19,5.075868056519622,4.499725773086194,2.403291600248323,0.03394701477267071,0.0,0.0027797870731265384,0.001484676902597538,2.0971383056435502e-05,1.0053312042238953e-19
278,0.0,5.708946883942747,59.83919908466815,0.0,1.734723475976807e-18,5.421010862427522e-20,1.734723475976807e-18,2.168404344971009e-19,5.103938849947359,4.528370952602587,2.419104220771874,0.03393867372914218,1.0842021724855044e-19,0.0026610503981265347,0.0014215615984584594,1.9943710924767747e-05,2.0106624084477906e-19
279,0.0,5.708946883942747,59.83800915331803,0.0,2.6020852139652106e-18,5.421010862427522e-20,8.673617379884035e-19,1.0842021724855044e-19,5.131981650774547,4.556987720085073,2.4349089286846137,0.03393033476461809,0.0,0.0025472675172968384,0.0013610667402672774,1.8966397301440195e-05,1.0053312042238953e-19
280,0.0,5.708946883942747,59.83681922196792,0.0,8.673617379884035e-19,5.421010862427522e-20,1.734723475976807e-18,2.168404344971009e-19,5.159996479443823,4.585576096247891,2.450705726515482,0.033921997878567985,1.0842021724855044e-19,0.0024382384541319184,0.0013030870749350207,1.8036974620524745e-05,2.0106624084477906e-19
281,0.0,5.708946883942747,59.83562929061781,0.0,3.469446951953614e-18,0.0,8.673617379884035e-19,1.0842021724855044e-19,5.187983356384577,4.614136101791953,2.466494616803994,0.033913663070488057,1.0842021724855044e-19,0.0023337709148001495,0.0012475213715461904,1.7153096211769505e-05,1.0053312042238953e-19
282,0.0,5.708946883942747,59.83443935926769,0.0,0.0,5.421010862427522e-20,0.0,0.0,5.2159423020129525,4.642667757404691,2.4822756020997665,0.0339053303398356,5.421010862427522e-20,0.0022336800165061823,0.0011942722799898372,1.631253037918574e-05,0.0
283,0.0,5.708946883942747,59.83324942791758,0.0,8.673617379884035e-19,0.0,1.3010426069826053e-18,0.0,5.243873336731902,4.6711710837602105,2.4980486849622685,0.033896999686066256,0.0,0.0021377880239652355,0.0011432461937779294,1.551315476950772e-05,0.0
284,0.0,5.708946883942747,59.83205949656746,0.0,8.673617379884035e-19,0.0,4.336808689942018e-19,0.0,5.271776480931124,4.699646101519226,2.5138138679603816,0.03388867110868344,0.0,0.00204592409384682,0.0010943531169812168,1.4752951016309211e-05,0.0
285,0.0,5.708946883942747,59.83086956521735,0.0,8.673617379884035e-19,5.421010862427522e-20,4.336808689942018e-19,5.421010862427522e-20,5.2996517549871385,4.728092831329062,2.529571153672112,0.03388034460714008,1.6263032587282567e-19,0.001957924027045652,0.0010475065352099297,1.4029999646233028e-05,5.0266560211194766e-20
286,0.0,5.708946883942747,59.82967963386724,0.0,0.0,5.421010862427522e-20,8.673617379884035e-19,0.0,5.327499179263272,4.756511293823669,2.5453205446842033,0.03387202018092435,0.0,0.001873630028629117,0.001002623290561586,1.334247523467825e-05,0.0
287,0.0,5.708946883942747,59.82848970251712,0.0,0.0,1.0842021724855044e-19,8.673617379884035e-19,0.0,5.3553187741096275,4.78490150962368,2.561062043591953,0.033863697829523934,1.0842021724855044e-19,0.0017928904753074892,0.0009596234604604107,1.2688641798609733e-05,0.0
288,0.0,5.708946883942747,59.827299771167006,0.0,8.673617379884035e-19,5.421010862427522e-20,1.3010426069826053e-18,5.421010862427522e-20,5.383110559863167,4.813263499336362,2.576795652998726,0.03385537755238207,0.0,0.0017155596902685077,0.0009184302403043997,1.2066848414947327e-05,5.0266560211194766e-20
289,0.0,5.708946883942747,59.826109839816894,0.0,8.673617379884035e-19,2.710505431213761e-20,8.673617379884035e-19,1.6263032587282567e-19,5.4108745568476255,4.841597283555651,2.5925213755158683,0.03384705934902988,1.6263032587282567e-19,0.0016414977252173736,0.0008789698298411844,1.1475525053567564e-05,1.507996806335843e-19
290,0.0,5.708946883942747,59.824919908466775,0.0,8.673617379884035e-19,2.710505431213761e-20,1.3010426069826053e-18,0.0,5.438610785373622,4.869902882862118,2.6082392137622463,0.03383874321888702,1.6263032587282567e-19,0.0015705701494563885,0.000841171323188494,1.0913178614245837e-05,0.0
291,0.0,5.708946883942747,59.82372997711666,0.0,0.0,2.710505431213761e-20,0.0,2.168404344971009e-19,5.466319265738596,4.898180317823043,2.623949170364129,0.03383042916144874,1.0842021724855044e-19,0.0015026478458442453,0.0008049666024146732,1.0378389157798444e-05,2.0106624084477906e-19
292,0.0,5.708946883942747,59.822540045766544,0.0,1.734723475976807e-18,2.710505431213761e-20,4.336808689942018e-19,5.421010862427522e-20,5.494000018226799,4.926429608992368,2.6396512479548204,0.03382211717619909,1.0842021724855044e-19,0.0014376068134651493,0.0007702902345960076,9.869806321715654e-06,5.0266560211194766e-20
293,0.0,5.708946883942747,59.82135011441643,0.0,1.734723475976807e-18,2.710505431213761e-20,4.336808689942018e-19,5.421010862427522e-20,5.521653063109402,4.954650776910769,2.655345449174456,0.03381380726259003,1.0842021724855044e-19,0.001375327976845882,0.0007370793722655204,9.386145911360325e-06,5.0266560211194766e-20
294,0.0,5.708946883942747,59.82016018306632,0.0,4.336808689942018e-19,5.421010862427522e-20,4.336808689942018e-19,5.421010862427522e-20,5.549278420644429,4.982843842105555,2.6710317766698055,0.03380549942013525,5.421010862427522e-20,0.0013156970015527334,0.0007052736571675205,8.9261866581538e-06,5.0266560211194766e-20
295,0.0,5.708946883942747,59.8189702517162,0.0,0.0,5.421010862427522e-20,4.336808689942018e-19,0.0,5.5768761110767455,5.011008825090819,2.686710233093974,0.03379719364829775,5.421010862427522e-20,0.001258604116003578,0.0006748151272353578,8.488767136495076e-06,0.0
296,0.0,5.708946883942747,59.81778032036609,0.0,4.336808689942018e-19,0.0,0.0,0.0,5.604446154638089,5.039145746367343,2.7023808211061993,0.033788889946541,8.131516293641283e-20,0.0012039439393310629,0.0006456481267050374,8.072782831731306e-06,0.0
297,0.0,5.708946883942747,59.81659038901598,0.0,0.0,2.710505431213761e-20,0.0,1.0842021724855044e-19,5.631988571547144,5.067254626422571,2.718043543371658,0.033780588314347985,1.0842021724855044e-19,0.0011516153151332482,0.0006177192192837429,7.67718335174322e-06,1.0053312042238953e-19
298,0.0,5.708946883942747,59.81540045766586,0.0,8.673617379884035e-19,0.0,2.168404344971009e-19,2.710505431213761e-20,5.659503382009449,5.095335485730792,2.733698402561273,0.03377228875119904,2.710505431213761e-20,0.0011015211509474627,0.0005909771042879325,7.300969775106471e-06,2.5133280105597383e-20
299,0.0,5.708946883942747,59.81421052631575,0.0,1.3010426069826053e-18,2.710505431213761e-20,4.336808689942018e-19,5.421010862427522e-20,5.686990606217441,5.123388344752947,2.7493454013514427,0.03376399125657618,2.710505431213761e-20,0.0010535682632916861,0.0005653725356691643,6.943192129173643e-06,5.0266560211194766e-20
300,0.0,5.708946883942747,59.81302059496563,0.0,0.0,0.0,2.168404344971009e-19,8.131516293641283e-20,5.714450264350509,5.151413223936753,2.764984542423939,0.03375569582993361,0.0,0.00100766722810942,0.0005408582438471971,6.602946991671882e-06,7.539984031679215e-20
301,0.0,5.708946883942747,59.81183066361552,0.0,8.673617379884035e-19,2.710505431213761e-20,2.168404344971009e-19,2.710505431213761e-20,5.741882376574925,5.179410143716732,2.7806158284656686,0.03374740247077857,2.710505431213761e-20,0.0009637322364652719,0.0005173888602679461,6.2793752098417e-06,2.5133280105597383e-20
302,0.0,5.708946883942747,59.810640732265405,0.0,0.0,2.710505431213761e-20,6.505213034913027e-19,0.0,5.769286963043897,5.207379124514082,2.7962392621684904,0.03373911117858216,8.131516293641283e-20,0.0009216809553361583,0.0004949208446090454,5.971659731261762e-06,0.0
303,0.0,5.708946883942747,59.809450800915286,0.0,4.336808689942018e-19,6.776263578034403e-20,2.168404344971009e-19,8.131516293641283e-20,5.796664043897583,5.235320186736852,2.8118548462290733,0.03373082195282352,8.131516293641283e-20,0.0008814343933452484,0.0004734124145529513,5.6790235409752505e-06,7.539984031679215e-20
304,0.0,5.708946883942747,59.808260869565174,0.0,8.673617379884035e-19,1.3552527156068805e-20,4.336808689942018e-19,0.0,5.8240136392630815,5.263233350779813,2.8274625833487192,0.033722534792941364,2.710505431213761e-20,0.0008429167712906836,0.00045282347805243286,5.4007276996740794e-06,0.0
305,0.0,5.708946883942747,59.807070938215055,0.0,4.336808689942018e-19,2.710505431213761e-20,0.0,0.0,5.8513357692544465,5.291118637024587,2.843062476233196,0.03371424969844028,5.421010862427522e-20,0.0008060553973228793,0.00043311556801200286,5.136069478003766e-06,0.0
306,0.0,5.708946883942747,59.805881006864944,0.0,2.168404344971009e-19,1.3552527156068805e-20,2.168404344971009e-19,2.710505431213761e-20,5.878630453972659,5.318976065839509,2.8586545275926127,0.033705966668842874,5.421010862427522e-20,0.0007707805466248744,0.00041425177931149183,4.884380582267015e-06,2.5133280105597383e-20
307,0.0,5.708946883942747,59.80469107551483,0.0,8.673617379884035e-19,2.710505431213761e-20,2.168404344971009e-19,0.0,5.90589771350573,5.346805657579818,2.8742387401411738,0.033697685703562893,2.710505431213761e-20,0.0007370253454569759,0.00039619670809899917,4.645025467038735e-06,0.0
308,0.0,5.708946883942747,59.80350114416471,0.0,2.168404344971009e-19,4.0657581468206416e-20,0.0,2.710505431213761e-20,5.933137567928587,5.374607432587517,2.889815116597206,0.03368940680211204,0.0,0.0007047256594260239,0.0003789163932820963,4.417399730506581e-06,2.5133280105597383e-20
309,0.0,5.708946883942747,59.8023112128146,0.0,6.505213034913027e-19,0.0,4.336808689942018e-19,0.0,5.960350037303178,5.402381411191406,2.9053836596828053,0.03368112996394431,2.710505431213761e-20,0.0006738199858462859,0.0003623782601484235,4.200928588378354e-06,0.0
310,0.0,5.708946883942747,59.80112128146449,0.0,4.336808689942018e-19,0.0,2.168404344971009e-19,2.710505431213761e-20,5.987535141678429,5.430127613707169,2.920944372123916,0.03367285518856188,4.0657581468206416e-20,0.0006442493500582947,0.000346551066046231,3.995065422601907e-06,2.5133280105597383e-20
311,0.0,5.708946883942747,59.79993135011437,0.0,2.168404344971009e-19,2.710505431213761e-20,1.0842021724855044e-19,5.421010862427522e-20,6.014692901090265,5.457846060437288,2.936497256650044,0.033664582475458636,2.710505431213761e-20,0.0006159572055764586,0.00033140484805908686,3.7992904011696243e-06,5.0266560211194766e-20
312,0.0,5.708946883942747,59.79874141876426,0.0,2.168404344971009e-19,1.3552527156068805e-20,1.0842021724855044e-19,5.421010862427522e-20,6.041823335561627,5.485536771671089,2.9520423159941664,0.03365631182405897,0.0,0.0005888893379433878,0.00031691087261038505,3.613109165550161e-06,5.0266560211194766e-20
313,0.0,5.708946883942747,59.79755148741414,0.0,6.505213034913027e-19,1.3552527156068805e-20,0.0,1.3552527156068805e-20,6.068926465102474,5.5131997676847675,2.967579552892693,0.033648043233895024,0.0,0.0005629937721632114,0.00030304158693291724,3.4360515824586102e-06,1.2566640052798691e-20
314,0.0,5.708946883942747,59.79636155606403,0.0,4.336808689942018e-19,1.3552527156068805e-20,1.0842021724855044e-19,1.3552527156068805e-20,6.096002309709779,5.540835068741412,2.983108970085266,0.03363977670441046,0.0,0.0005382206835979094,0.00028977057234282137,3.267670556749825e-06,1.2566640052798691e-20
315,0.0,5.708946883942747,59.795171624713916,0.0,2.168404344971009e-19,1.3552527156068805e-20,2.168404344971009e-19,4.0657581468206416e-20,6.123050889367534,5.568442695090905,2.9986305703145675,0.03363151223509661,2.710505431213761e-20,0.0005145223122090613,0.0002770724992571562,3.1075409025125306e-06,3.769992015839607e-20
316,0.0,5.708946883942747,59.7939816933638,0.0,2.168404344971009e-19,0.0,3.2526065174565133e-19,0.0,6.150072224046809,5.596022666970068,3.014144356326449,0.033623249825447024,2.710505431213761e-20,0.0004918528800309109,0.00026492308389646906,2.9552582694597505e-06,0.0
317,0.0,5.708946883942747,59.792791762013685,0.0,4.336808689942018e-19,2.710505431213761e-20,0.0,1.3552527156068805e-20,6.177066333705694,5.6235750046025785,3.0296503308695706,0.03361498947491831,2.710505431213761e-20,0.0004701685117660541,0.0002532990466154686,2.8104381219266734e-06,1.2566640052798691e-20
318,0.0,5.708946883942747,59.791601830663566,0.0,2.168404344971009e-19,1.3552527156068805e-20,1.0842021724855044e-19,1.3552527156068805e-20,6.204033238289327,5.651099728199015,3.0451484966954796,0.03360673118300296,0.0,0.00044942715839410476,0.00024217807180590677,2.6727147679106423e-06,1.2566640052798691e-20
319,0.0,5.708946883942747,59.790411899313455,0.0,2.168404344971009e-19,1.3552527156068805e-20,0.0,4.0657581468206416e-20,6.23097295772993,5.678596857956868,3.0606388565583864,0.0335984749491959,1.3552527156068805e-20,0.00042958852369244754,0.0002315387693180862,2.5417404356711584e-06,3.769992015839607e-20
320,0.0,5.708946883942747,59.78922196796334,0.0,1.0842021724855044e-19,6.776263578034403e-21,2.168404344971009e-19,2.710505431213761e-20,6.25788551194681,5.706066414060544,3.076121413215144,0.03359022077294397,1.3552527156068805e-20,0.00041061399356365317,0.00022136063734805807,2.417184395588748e-06,2.5133280105597383e-20
321,0.0,5.708946883942747,59.788032036613224,0.0,1.0842021724855044e-19,2.0328790734103208e-20,2.168404344971009e-19,1.3552527156068805e-20,6.2847709208462845,5.733508416681348,3.0915961694251264,0.03358196865373769,0.0,0.000392466568073296,0.00021162402673951538,2.2987321250522802e-06,1.2566640052798691e-20
322,0.0,5.708946883942747,59.78684210526311,0.0,0.0,0.0,1.0842021724855044e-19,1.3552527156068805e-20,6.311629204321832,5.760922885977484,3.1070631279501284,0.03357371859107722,1.3552527156068805e-20,0.00037511079610450296,0.00020231010665138367,2.1860845142605758e-06,1.2566640052798691e-20
323,0.0,5.708946883942747,59.785652173913,0.0,1.0842021724855044e-19,0.0,0.0,1.3552527156068805e-20,6.338460382253996,5.788309842094124,3.1225222915543047,0.03356547058441771,2.710505431213761e-20,0.00035851271253172255,0.00019340083154240474,2.078957110953824e-06,1.2566640052798691e-20
324,0.0,5.708946883942747,59.78446224256288,0.0,3.2526065174565133e-19,6.776263578034403e-21,0.0,1.3552527156068805e-20,6.36526447451042,5.81566930516339,3.137973663004051,0.03355722463325145,6.776263578034403e-21,0.00034263977782840384,0.00018487890942638386,1.977079402135816e-06,1.2566640052798691e-20
325,0.0,5.708946883942747,59.78327231121277,0.0,1.0842021724855044e-19,6.776263578034403e-21,5.421010862427522e-20,1.3552527156068805e-20,6.392041500945861,5.84300129530436,3.153417245067984,0.0335489807370668,6.776263578034403e-21,0.0003274608200185078,0.00017672777135280374,1.8801941310149944e-06,1.2566640052798691e-20
326,0.0,5.708946883942747,59.78208237986265,0.0,1.0842021724855044e-19,1.3552527156068805e-20,1.0842021724855044e-19,6.776263578034403e-21,6.418791481402197,5.870305832623014,3.168853040516732,0.033540738895341836,0.0,0.0003129459788889453,0.00016893154206871369,1.7880566473949444e-06,6.283320026399346e-21
327,0.0,5.708946883942747,59.78089244851254,0.0,1.0842021724855044e-19,1.3552527156068805e-20,5.421010862427522e-20,6.776263578034403e-21,6.445514435708421,5.897582937212345,3.184281052123032,0.0335324991075331,2.710505431213761e-20,0.00029906665238041115,0.00016147501182015633,1.7004342899120788e-06,6.283320026399346e-21
328,0.0,5.708946883942747,59.77970251716243,0.0,0.0,0.0,5.421010862427522e-20,0.0,6.472210383680666,5.924832629152302,3.199701282661492,0.033524261373141656,6.776263578034403e-21,0.00028579544507677116,0.00015434360925087944,1.6171057985446422e-06,0.0
329,0.0,5.708946883942747,59.77851258581231,0.0,2.168404344971009e-19,0.0,0.0,6.776263578034403e-21,6.4988793451222335,5.9520549285098285,3.2151137349086434,0.033516025691642616,6.776263578034403e-21,0.0002731061187181573,0.00014752337535935914,1.537860755897012e-06,6.283320026399346e-21
330,0.0,5.708946883942747,59.777322654462196,0.0,0.0,6.776263578034403e-21,5.421010862427522e-20,6.776263578034403e-21,6.525521339823534,5.979249855338851,3.2305184116427954,0.03350779206253697,1.3552527156068805e-20,0.0002609735446608586,0.00014100093847491802,1.4624990558823327e-06,6.283320026399346e-21
331,0.0,5.708946883942747,59.776132723112084,0.0,0.0,3.3881317890172014e-21,5.421010862427522e-20,6.776263578034403e-21,6.55213638756216,6.006417429680288,3.245915315643972,0.0334995604852845,2.0328790734103208e-20,0.00024937365821460814,0.00013476349021587891,1.3908303984196928e-06,6.283320026399346e-21
332,0.0,5.708946883942747,59.774942791761966,0.0,0.0,3.3881317890172014e-21,5.421010862427522e-20,2.710505431213761e-20,6.5787245081028365,6.033557671562053,3.261304449693875,0.03349133095935892,6.776263578034403e-21,0.00023828341478580943,0.0001287987623938851,1.3226738089095922e-06,2.5133280105597383e-20
333,0.0,5.708946883942747,59.773752860411854,0.0,1.0842021724855044e-19,1.3552527156068805e-20,5.421010862427522e-20,6.776263578034403e-21,6.605285721197512,6.0606706009990825,3.276685816575822,0.033483103484272414,0.0,0.0002276807477609186,0.00012309500482877934,1.257857181249447e-06,6.283320026399346e-21
334,0.0,5.708946883942747,59.772562929061735,0.0,1.6263032587282567e-19,6.776263578034403e-21,5.421010862427522e-20,0.0,6.631820046585295,6.087756237993331,3.29205941907464,0.03347487805949037,1.3552527156068805e-20,0.0002175445280637631,0.00011764096404036081,1.1962168432432233e-06,0.0
335,0.0,5.708946883942747,59.77137299771162,0.0,1.0842021724855044e-19,6.776263578034403e-21,5.421010862427522e-20,0.0,6.658327503992441,6.114814602533814,3.3074252599766254,0.03346665468448819,0.0,0.0002078545253255401,0.00011242586278526223,1.1375971433040489e-06,0.0
336,0.0,5.708946883942747,59.77018306636151,0.0,1.6263032587282567e-19,6.776263578034403e-21,5.421010862427522e-20,0.0,6.684808113132477,6.141845714596526,3.32278334206952,0.033458433358760066,6.776263578034403e-21,0.00019859137060465633,0.00010743938040577121,1.0818500574207144e-06,0.0
337,0.0,5.708946883942747,59.76899313501139,0.0,5.421010862427522e-20,6.776263578034403e-21,0.0,0.0,6.711261893706062,6.168849594144538,3.338133668142417,0.033450214081786764,6.776263578034403e-21,0.00018973652060054648,0.0001026716339613548,1.0288348153671682e-06,0.0
338,0.0,5.708946883942747,59.76780320366128,0.0,5.421010862427522e-20,1.0164395367051604e-20,5.421010862427522e-20,0.0,6.737688865401129,6.195826261127983,3.3534762409856778,0.0334419968530394,1.6940658945086007e-20,0.00018127222330157177,9.811316011332359e-05,9.784175452475463e-07,0.0
339,0.0,5.708946883942747,59.76661327231116,0.0,1.0842021724855044e-19,0.0,8.131516293641283e-20,1.3552527156068805e-20,6.764089047892787,6.222775735484012,3.3688110633909645,0.0334337816720026,0.0,0.00017318148501590828,9.375489773306734e-05,9.304709354438561e-07,1.2566640052798691e-20
340,0.0,5.708946883942747,59.76542334096105,0.0,1.6263032587282567e-19,3.3881317890172014e-21,0.0,1.0164395367051604e-20,6.790462460843372,6.249698037136899,3.3841381381511004,0.033425568538179955,3.3881317890172014e-21,0.0001654480387297896,8.958817120779913e-05,8.848739131407938e-07,9.424980039599018e-21
341,0.0,5.708946883942747,59.76423340961094,0.0,1.0842021724855044e-19,6.776263578034403e-21,2.710505431213761e-20,0.0,6.816809123902508,6.27659318599795,3.3994574680600373,0.033417357451027974,1.3552527156068805e-20,0.00015805631374392286,8.560467441622144e-05,8.41511338596125e-07,0.0
342,0.0,5.708946883942747,59.76304347826082,0.0,0.0,3.3881317890172014e-21,8.131516293641283e-20,0.0,6.843129056707007,6.303461201965591,3.414769055912899,0.03340914841002526,3.3881317890172014e-21,0.0001509914065375957,8.179645534942291e-05,8.002737143962234e-07,0.0
343,0.0,5.708946883942747,59.76185354691071,0.0,1.0842021724855044e-19,3.3881317890172014e-21,5.421010862427522e-20,3.3881317890172014e-21,6.869422278880931,6.330302104925297,3.4300729045057623,0.033400941414702776,3.3881317890172014e-21,0.00014423905281502967,7.815590135060911e-05,7.610569089643917e-07,3.141660013199673e-21
344,0.0,5.708946883942747,59.760663615560595,0.0,5.421010862427522e-20,0.0,5.421010862427522e-20,3.3881317890172014e-21,6.895688810035637,6.357115914749653,3.4453690166357585,0.033392736464494976,1.0164395367051604e-20,0.00013778560068632964,7.467572495283512e-05,7.237618936041164e-07,3.141660013199673e-21
345,0.0,5.708946883942747,59.75947368421048,0.0,5.421010862427522e-20,5.082197683525802e-21,2.710505431213761e-20,3.3881317890172014e-21,6.9219286697697395,6.383902651298403,3.4606573951009505,0.03338453355887931,3.3881317890172014e-21,0.00013161798494004074,7.134895028803053e-05,6.882944924435306e-07,3.141660013199673e-21
346,0.0,5.708946883942747,59.758283752860365,0.0,5.421010862427522e-20,1.6940658945086007e-21,2.710505431213761e-20,3.3881317890172014e-21,6.948141877669115,6.410662334418352,3.475938042700354,0.0333763326973797,3.3881317890172014e-21,0.00012572370236505574,6.816890004854898e-05,6.545651446264923e-07,3.141660013199673e-21
347,0.0,5.708946883942747,59.757093821510246,0.0,5.421010862427522e-20,1.6940658945086007e-21,0.0,3.3881317890172014e-21,6.974328453306913,6.437394983943436,3.491210962233818,0.03336813387946115,3.3881317890172014e-21,0.00012009078807951274,6.512918297732964e-05,6.224886781565412e-07,3.141660013199673e-21
348,0.0,5.708946883942747,59.755903890160134,0.0,2.710505431213761e-20,1.6940658945086007e-21,0.0,3.3881317890172014e-21,7.000488416243594,6.4641006196947215,3.5064761565019844,0.033359937104603846,0.0,0.00011470779282951254,6.222368186787005e-05,5.919840948237004e-07,3.141660013199673e-21
349,0.0,5.708946883942747,59.75471395881002,0.0,1.0842021724855044e-19,1.6940658945086007e-21,0.0,6.776263578034403e-21,7.026621786026895,6.490779261480426,3.521733628306341,0.03335174237228361,6.776263578034403e-21,0.0001095637612173394,5.944654205275507e-05,5.629743656730759e-07,6.283320026399346e-21
350,0.0,5.708946883942747,59.7535240274599,0.0,2.710505431213761e-20,1.6940658945086007e-21,0.0,3.3881317890172014e-21,7.052728582191876,6.51743092909592,3.5369833804490924,0.03334354968202025,0.0,0.00010464821082412621,5.679216036282749e-05,5.353862364957246e-07,3.141660013199673e-21
351,0.0,5.708946883942747,59.75233409610979,0.0,0.0,6.776263578034403e-21,2.710505431213761e-20,3.3881317890172014e-21,7.078808824260907,6.5440556423236735,3.5522254157331306,0.03333535903324133,6.776263578034403e-21,9.995111219154272e-05,5.425517453759281e-05,5.091500428469986e-07,3.141660013199673e-21
352,0.0,5.708946883942747,59.75114416475967,0.0,5.421010862427522e-20,3.3881317890172014e-21,2.710505431213761e-20,3.3881317890172014e-21,7.104862531743675,6.570653420933405,3.567459736962065,0.03332717042549032,3.3881317890172014e-21,9.546286962777028e-05,5.18304530698205e-05,4.841995341366433e-07,3.141660013199673e-21
353,0.0,5.708946883942747,59.74995423340956,0.0,2.710505431213761e-20,1.6940658945086007e-21,4.0657581468206416e-20,6.776263578034403e-21,7.130889724137195,6.597224284681954,3.5826863469401107,0.03331898385820431,1.6940658945086007e-21,9.117430280485799e-05,4.9513085466773244e-05,4.6047170633451384e-07,6.283320026399346e-21
354,0.0,5.708946883942747,59.74876430205945,0.0,2.710505431213761e-20,3.3881317890172014e-21,1.3552527156068805e-20,1.6940658945086007e-21,7.156890420925823,6.623768253313311,3.597905248472073,0.03331079933090354,3.3881317890172014e-21,8.707662911891422e-05,4.729837291175018e-05,4.3790664287436467e-07,1.5708300065998364e-21
355,0.0,5.708946883942747,59.74757437070933,0.0,2.710505431213761e-20,1.6940658945086007e-21,1.3552527156068805e-20,6.776263578034403e-21,7.182864641581246,6.6502853465587055,3.613116444363337,0.033302616843032776,1.6940658945086007e-21,8.316144677794497e-05,4.518181931032176e-05,4.164473633592262e-07,6.283320026399346e-21
356,0.0,5.708946883942747,59.74638443935922,0.0,0.0,0.0,1.3552527156068805e-20,3.3881317890172014e-21,7.208812405562506,6.676775584136545,3.6283199374198074,0.033294436394125576,0.0,7.942071859249358e-05,4.315912270560215e-05,3.960396796681302e-07,3.141660013199673e-21
357,0.0,5.708946883942747,59.74519450800911,0.0,0.0,0.0,2.710505431213761e-20,0.0,7.234733732316034,6.7032389857523915,3.6435157304478825,0.03328625798363365,0.0,7.584675643934318e-05,4.122616704808997e-05,3.766320591325075e-07,0.0
358,0.0,5.708946883942747,59.74400457665899,0.0,0.0,8.470329472543003e-22,0.0,5.082197683525802e-21,7.260628641275571,6.729675571099108,3.658703826254454,0.03327808161103916,1.6940658945086007e-21,7.243220636988422e-05,3.937901430609358e-05,3.581754944020188e-07,4.712490019799509e-21
359,0.0,5.708946883942747,59.742814645308876,0.0,2.710505431213761e-20,8.470329472543003e-22,0.0,1.6940658945086007e-21,7.286497151862274,6.756085359856682,3.673884227646799,0.03326990727583665,3.3881317890172014e-21,6.917003434104936e-05,3.7613896902740114e-05,3.406233796967987e-07,1.5708300065998364e-21
360,0.0,5.708946883942747,59.74162471395876,0.0,5.421010862427522e-20,8.470329472543003e-22,0.0,1.6940658945086007e-21,7.312339283484676,6.782468371692384,3.689056937432626,0.03326173497752978,3.3881317890172014e-21,6.605351253907443e-05,3.592721046677853e-05,3.239313931164261e-07,1.5708300065998364e-21
361,0.0,5.708946883942747,59.740434782608645,0.0,0.0,8.470329472543003e-22,1.3552527156068805e-20,0.0,7.338155055538708,6.808824626260682,3.7042219584200304,0.033253564715560346,1.6940658945086007e-21,6.307620627568424e-05,3.4315506884868916e-05,3.080573847225642e-07,0.0
362,0.0,5.708946883942747,59.73924485125853,0.0,4.0657581468206416e-20,8.470329472543003e-22,1.3552527156068805e-20,1.6940658945086007e-21,7.363944487407669,6.835154143203316,3.719379293417451,0.033245396489466436,1.6940658945086007e-21,6.023196143222262e-05,3.2775487642178716e-05,2.9296127010514347e-07,1.5708300065998364e-21
363,0.0,5.708946883942747,59.738054919908414,0.0,4.0657581468206416e-20,1.6940658945086007e-21,1.3552527156068805e-20,3.3881317890172014e-21,7.389707598462291,6.8614569421492435,3.7345289452336243,0.03323723029867963,1.6940658945086007e-21,5.751489242937039e-05,3.130399744110651e-05,2.786049291573718e-07,3.141660013199673e-21
364,0.0,5.708946883942747,59.7368649885583,0.0,4.0657581468206416e-20,8.470329472543003e-22,1.3552527156068805e-20,1.6940658945086007e-21,7.415444408060707,6.887733042714697,3.7496709166775957,0.033229066142754324,3.3881317890172014e-21,5.4919370701422155e-05,2.9898018085882144e-05,2.649521098226275e-07,1.5708300065998364e-21
365,0.0,5.708946883942747,59.73567505720819,0.0,1.3552527156068805e-20,8.470329472543003e-22,1.3552527156068805e-20,0.0,7.441154935548479,6.913982464503193,3.764805210558663,0.03322090402110421,8.470329472543003e-22,5.24400136554226e-05,2.8554662622467564e-05,2.5196833654862657e-07,0.0
366,0.0,5.708946883942747,59.73448512585807,0.0,4.0657581468206416e-20,1.6940658945086007e-21,2.0328790734103208e-20,1.6940658945086007e-21,7.466839200258585,6.940205227105429,3.779931829686364,0.03321274393323608,1.6940658945086007e-21,5.0071674092200064e-05,2.7271169723862003e-05,2.396208232336527e-07,1.5708300065998364e-21
367,0.0,5.708946883942747,59.73329519450796,0.0,4.0657581468206416e-20,8.470329472543003e-22,0.0,0.0,7.492497221511446,6.966401350099495,3.7950507768704975,0.033204585878698005,0.0,4.780943007628629e-05,2.604489831038725e-05,2.2787839043422219e-07,0.0
368,0.0,5.708946883942747,59.73210526315784,0.0,2.710505431213761e-20,0.0,6.776263578034403e-21,1.6940658945086007e-21,7.518129018614915,6.992570853050718,3.8101620549209647,0.033196429856869804,8.470329472543003e-22,4.5648575229121816e-05,2.4873322395237037e-05,2.1671138662848157e-07,1.5708300065998364e-21
369,0.0,5.708946883942747,59.73091533180773,0.0,2.710505431213761e-20,8.470329472543003e-22,2.710505431213761e-20,1.6940658945086007e-21,7.543734610864327,7.018713755511698,3.8252656666479026,0.03318827586732184,1.6940658945086007e-21,4.3584609435533934e-05,2.3754026147141205e-05,2.060916133498007e-07,1.5708300065998364e-21
370,0.0,5.708946883942747,59.72972540045762,0.0,1.3552527156068805e-20,8.470329472543003e-22,2.0328790734103208e-20,1.6940658945086007e-21,7.569314017542445,7.044830077022368,3.840361614861567,0.033180123909491904,8.470329472543003e-22,4.161322993958376e-05,2.268469915999997e-05,1.95992253975588e-07,1.5708300065998364e-21
371,0.0,5.708946883942747,59.7285354691075,0.0,1.3552527156068805e-20,0.0,0.0,3.3881317890172014e-21,7.594867257919503,7.070919837109959,3.855449902372332,0.0331719739829037,0.0,3.973032282016131e-05,2.1663131921558552e-05,1.8638780601120286e-07,3.141660013199673e-21
372,0.0,5.708946883942747,59.72734553775739,0.0,0.0,0.0,1.3552527156068805e-20,1.6940658945086007e-21,7.620394351253233,7.096983055289009,3.8705305319906786,0.03316382608702411,8.470329472543003e-22,3.7931954825205426e-05,2.0687211473555163e-05,1.7725401669479864e-07,1.5708300065998364e-21
373,0.0,5.708946883942747,59.72615560640727,0.0,1.3552527156068805e-20,1.6940658945086007e-21,2.0328790734103208e-20,1.6940658945086007e-21,7.645895316788816,7.123019751061403,3.885603506527179,0.033155680221341695,2.541098841762901e-21,3.621436555375569e-05,1.975491725421087e-05,1.6856782175054556e-07,1.5708300065998364e-21
374,0.0,5.708946883942747,59.724965675057156,0.0,2.710505431213761e-20,4.235164736271502e-22,0.0,0.0,7.671370173758939,7.149029943916353,3.9006688287924236,0.03314753638535135,1.6940658945086007e-21,3.457395996954882e-05,1.8864317117019975e-05,1.603072871512342e-07,0.0
375,0.0,5.708946883942747,59.723775743707044,0.0,1.3552527156068805e-20,8.470329472543003e-22,6.776263578034403e-21,1.6940658945086007e-21,7.6968189413837935,7.175013653330407,3.91572650159704,0.03313939457851501,8.470329472543003e-22,3.300730123215562e-05,1.801356351720757e-05,1.5245155373230555e-07,1.5708300065998364e-21
376,0.0,5.708946883942747,59.722585812356925,0.0,1.3552527156068805e-20,8.470329472543003e-22,1.3552527156068805e-20,8.470329472543003e-22,7.722241638871082,7.200970898767448,3.9307765277517404,0.033131254800353234,8.470329472543003e-22,3.1511103834499765e-05,1.720088986017275e-05,1.4498078451487798e-07,7.854150032999182e-22
377,0.0,5.708946883942747,59.72139588100681,0.0,1.3552527156068805e-20,0.0,0.0,0.0,7.74763828541597,7.226901699678767,3.945818910067147,0.033123117050336985,8.470329472543003e-22,3.0082227031180366e-05,1.642460700437117e-05,1.3787611461911756e-07,0.0
378,0.0,5.708946883942747,59.7202059496567,0.0,6.776263578034403e-21,4.235164736271502e-22,1.3552527156068805e-20,8.470329472543003e-22,7.773008900201188,7.252806075502949,3.9608536513538906,0.03311498132795573,8.470329472543003e-22,2.871766854842496e-05,1.568309991252054e-05,1.311196036216386e-07,7.854150032999182e-22
379,0.0,5.708946883942747,59.71901601830658,0.0,1.3552527156068805e-20,0.0,6.776263578034403e-21,1.6940658945086007e-21,7.798353502397002,7.278684045665977,3.9758807544225876,0.033106847632697146,1.2705494208814505e-21,2.7414558561497584e-05,1.4974824445138269e-05,1.246941902573226e-07,1.5708300065998364e-21
380,0.0,5.708946883942747,59.71782608695647,0.0,0.0,0.0,1.0164395367051604e-20,1.6940658945086007e-21,7.823672111161179,7.304535629581235,3.9909002220837593,0.03309871596404842,4.235164736271502e-22,2.6170153929901623e-05,1.4298304290265007e-05,1.1858364933610011e-07,1.5708300065998364e-21
381,0.0,5.708946883942747,59.71663615560635,0.0,6.776263578034403e-21,0.0,3.3881317890172014e-21,0.0,7.84896474563906,7.330360846649488,4.005912057147885,0.03309058632149625,8.470329472543003e-22,2.498183267975512e-05,1.3652128024096279e-05,1.1277255077229666e-07,0.0
382,0.0,5.708946883942747,59.71544622425624,0.0,0.0,0.0,0.0,1.2705494208814505e-21,7.874231424963496,7.356159716258873,4.020916262425302,0.033082458704540164,1.2705494208814505e-21,2.3847088720781434e-05,1.3034946296375433e-05,1.0724622061785677e-07,1.1781225049498773e-21
383,0.0,5.708946883942747,59.71425629290613,0.0,0.0,8.470329472543003e-22,6.776263578034403e-21,4.235164736271502e-22,7.899472168254951,7.381932257784943,4.035912840726273,0.03307433311264261,0.0,2.2763526792405225e-05,1.2445469136397619e-05,1.0199070401357802e-07,3.927075016499591e-22
384,0.0,5.708946883942747,59.71306636155601,0.0,6.776263578034403e-21,4.235164736271502e-22,1.0164395367051604e-20,0.0,7.9246869946213865,7.407678490590661,4.050901794860948,0.033066209545324514,0.0,2.1728857623086235e-05,1.188246337330438e-05,9.699272994364621e-08,0.0
385,0.0,5.708946883942747,59.7118764302059,0.0,6.776263578034403e-21,4.235164736271502e-22,0.0,4.235164736271502e-22,7.949875923158395,7.433398434026386,4.065883127639285,0.03305808800205994,0.0,2.074089330201703e-05,1.1344750167396718e-05,9.22396777335188e-08,3.927075016499591e-22
386,0.0,5.708946883942747,59.71068649885578,0.0,6.776263578034403e-21,2.117582368135751e-22,6.776263578034403e-21,8.470329472543003e-22,7.975038972949134,7.459092107429951,4.080856841871108,0.03304996848232887,0.0,1.979754284493897e-05,1.0831202646029282e-05,8.771954517211789e-08,7.854150032999182e-22
387,0.0,5.708946883942747,59.70949656750567,0.0,6.776263578034403e-21,4.235164736271502e-22,3.3881317890172014e-21,8.470329472543003e-22,8.000176163064342,7.484759530126575,4.0958229403661,0.03304185098562645,4.235164736271502e-22,1.889680795517278e-05,1.034074364194633e-05,8.34209182064538e-08,7.854150032999182e-22
388,0.0,5.708946883942747,59.708306636155555,0.0,0.0,0.0,1.0164395367051604e-20,0.0,8.025287512562356,7.510400721428943,4.110781425933669,0.03303373551144733,4.235164736271502e-22,1.803677896416026e-05,9.87234352721328e-06,7.933294212674731e-08,0.0
389,0.0,5.708946883942747,59.707116704805436,0.0,1.3552527156068805e-20,2.117582368135751e-22,0.0,4.235164736271502e-22,8.050373040489129,7.536015700637177,4.125732301383157,0.03302562205927945,0.0,1.721563094795517e-05,9.425018141207543e-06,7.54452941431954e-08,3.927075016499591e-22
390,0.0,5.708946883942747,59.705926773455325,0.0,6.776263578034403e-21,2.117582368135751e-22,0.0,0.0,8.075432765878178,7.56160448703889,4.140675569523549,0.03301751062859157,4.235164736271502e-22,1.6431620012578522e-05,8.997826806530081e-06,7.174815733109725e-08,0.0
391,0.0,5.708946883942747,59.70473684210521,0.0,1.3552527156068805e-20,4.235164736271502e-22,3.3881317890172014e-21,4.235164736271502e-22,8.100466707750705,7.587167099909074,4.15561123316366,0.03300940121890289,0.0,1.5683079737197932e-05,8.589870431009146e-06,6.823219583566798e-08,3.927075016499591e-22
392,0.0,5.708946883942747,59.703546910755094,0.0,3.3881317890172014e-21,6.352747104407253e-22,3.3881317890172014e-21,0.0,8.125474885115494,7.612703558510287,4.170539295112085,0.033001293829685314,4.235164736271502e-22,1.4968417773650912e-05,8.200289690846414e-06,6.4888531297523e-08,0.0
393,0.0,5.708946883942747,59.70235697940498,0.0,0.0,2.117582368135751e-22,3.3881317890172014e-21,4.235164736271502e-22,8.150457316968964,7.638213882092532,4.185459758177131,0.03299318846044435,2.117582368135751e-22,1.4286112590897036e-05,7.828263292090934e-06,6.170872043588029e-08,3.927075016499591e-22
394,0.0,5.708946883942747,59.70116704805486,0.0,6.776263578034403e-21,2.117582368135751e-22,1.6940658945086007e-21,4.235164736271502e-22,8.175414022295238,7.66369808989325,4.20037262516681,0.032985085110650736,8.470329472543003e-22,1.363471036266598e-05,7.4730063068158825e-06,5.868473372748685e-08,3.927075016499591e-22
395,0.0,5.708946883942747,59.69997711670475,0.0,0.0,4.235164736271502e-22,1.6940658945086007e-21,2.117582368135751e-22,8.199690904454378,7.7019425661152185,4.2225015369295,0.03267953383761631,2.117582368135751e-22,1.3034461122845632e-05,7.145993579100254e-06,5.5305542680720515e-08,1.9635375082497955e-22
396,0.0,5.708946883942747,59.69878718535464,0.0,3.3881317890172014e-21,2.117582368135751e-22,1.6940658945086007e-21,2.117582368135751e-22,8.223126482883576,7.742739031572008,4.246080953864722,0.03249573232174231,4.235164736271502e-22,1.2464438035199307e-05,6.835438044134926e-06,5.231237166519716e-08,1.9635375082497955e-22
397,0.0,5.708946883942747,59.69759725400452,0.0,6.776263578034403e-21,2.117582368135751e-22,3.3881317890172014e-21,6.352747104407253e-22,8.245723610444546,7.782719991238911,4.269208170618624,0.03253278554276892,4.235164736271502e-22,1.191776349717459e-05,6.537484755396597e-06,4.9817807198663006e-08,5.890612524749386e-22
398,0.0,5.708946883942747,59.69640732265441,0.0,0.0,2.117582368135751e-22,1.6940658945086007e-21,0.0,8.26748567810331,7.821875785930181,4.291877495540005,0.0327896301986715,6.352747104407253e-22,1.1393562738137983e-05,6.251668633970837e-06,4.776229117489434e-08,0.0
399,0.0,5.708946883942747,59.6952173913043,0.0,3.3881317890172014e-21,0.0,1.6940658945086007e-21,2.117582368135751e-22,8.288416606337524,7.860197678087097,4.3140837400519585,0.03326087444341959,2.117582368135751e-22,1.0890990456352147e-05,5.97753984889023e-06,4.608584681568743e-08,1.9635375082497955e-22
400,0.0,5.708946883942747,59.69402745995418,0.0,0.0,0.0,3.3881317890172014e-21,0.0,8.308520837664462,7.897677810568879,4.335822197377917,0.03393730314128873,6.352747104407253e-22,1.0409229828882757e-05,5.714663326607183e-06,4.472975432128364e-08,0.0
401,0.0,5.708946883942747,59.692837528604066,0.0,3.3881317890172014e-21,1.0587911840678754e-22,5.082197683525802e-21,4.235164736271502e-22,8.327803330243494,7.934309168197421,4.357088622700095,0.03480668703837179,6.352747104407253e-22,9.94749157914136e-06,5.462618290387525e-06,4.3638232248709015e-08,3.927075016499591e-22
402,0.0,5.708946883942747,59.69164759725395,0.0,0.0,3.1763735522036263e-22,1.6940658945086007e-21,2.117582368135751e-22,8.346269552509764,7.970085541900141,4.377879214672658,0.03585474091737801,2.117582368135751e-22,9.505013096177722e-06,5.220997823707288e-06,4.275986502118944e-08,1.9635375082497955e-22
403,0.0,5.708946883942747,59.690457665903836,0.0,0.0,1.0587911840678754e-22,0.0,6.352747104407253e-22,8.363925478798928,8.005001495312282,4.398190598216334,0.03706607686172969,0.0,9.081057597682368e-06,4.989408455608508e-06,4.204860912198982e-08,5.890612524749386e-22
404,0.0,5.708946883942747,59.689267734553724,0.0,3.3881317890172014e-21,1.0587911840678754e-22,0.0,0.0,8.380777585924863,8.039052333704872,4.418019808525369,0.03842503712220732,2.117582368135751e-22,8.674913334024029e-06,4.767469765826043e-06,4.1464323536006857e-08,0.0
405,0.0,5.708946883942747,59.688077803203605,0.0,3.3881317890172014e-21,2.117582368135751e-22,1.6940658945086007e-21,2.117582368135751e-22,8.396832850675365,8.072234075111657,4.437364276221724,0.03991634430675656,4.235164736271502e-22,8.285892826210946e-06,4.5548140058306326e-06,4.0972864248320026e-08,1.9635375082497955e-22
406,0.0,5.708946883942747,59.68688787185349,0.0,1.6940658945086007e-21,1.0587911840678754e-22,3.3881317890172014e-21,2.117582368135751e-22,8.41209874819232,8.104543423537146,4.4562218135954295,0.04152555484184083,4.235164736271502e-22,7.913332135716557e-06,4.351085735335544e-06,4.054583835479809e-08,1.9635375082497955e-22
407,0.0,5.708946883942747,59.685697940503374,0.0,1.6940658945086007e-21,1.0587911840678754e-22,1.6940658945086007e-21,0.0,8.426583251205578,8.135977744136904,4.474590601873838,0.04323933452674009,1.0587911840678754e-22,7.556590161336936e-06,4.155941471505443e-06,4.016013073552145e-08,0.0
408,0.0,5.708946883942747,59.68450800915326,0.0,5.082197683525802e-21,0.0,3.3881317890172014e-21,0.0,8.440294830090744,8.166535040261003,4.492469179465811,0.04504559128304409,4.235164736271502e-22,7.21504796095984e-06,3.96904934995651e-06,3.9797306926803996e-08,0.0
409,0.0,5.708946883942747,59.68331807780315,0.0,0.0,2.117582368135751e-22,8.470329472543003e-22,0.0,8.453242453723561,8.196213932269485,4.509856431130608,0.046933503799388904,1.0587911840678754e-22,6.888108096587851e-06,3.7900887964228066e-06,3.944297332848831e-08,0.0
410,0.0,5.708946883942747,59.68212814645303,0.0,3.3881317890172014e-21,0.0,8.470329472543003e-22,2.117582368135751e-22,8.465435591104347,8.22501363802357,4.526751578024322,0.04889348089763692,3.1763735522036263e-22,6.575193999291943e-06,3.6187502077573744e-06,3.908615065529575e-08,1.9635375082497955e-22
411,0.0,5.708946883942747,59.68093821510292,0.0,1.6940658945086007e-21,1.0587911840678754e-22,1.6940658945086007e-21,4.235164736271502e-22,8.47688421372747,8.252933954969723,4.5431541685797106,0.05091707940608315,1.0587911840678754e-22,6.27574935187499e-06,3.4547346415986985e-06,3.871869444603479e-08,3.927075016499591e-22
412,0.0,5.708946883942747,59.67974828375281,0.0,3.3881317890172014e-21,0.0,1.6940658945086007e-21,3.1763735522036263e-22,8.487816445666821,8.275349048540305,4.556444568267043,0.05240652213814419,0.0,5.985891178774647e-06,3.2958587230623767e-06,3.790773497796579e-08,2.945306262374693e-22
413,0.0,5.708946883942747,59.67855835240269,0.0,1.6940658945086007e-21,1.0587911840678754e-22,0.0,2.117582368135751e-22,8.498796954165933,8.285279225934003,4.562667016389165,0.05239677047037587,0.0,5.700788402143248e-06,3.139399228511817e-06,3.6052243172875665e-08,1.9635375082497955e-22
414,0.0,5.708946883942747,59.67736842105258,0.0,0.0,5.293955920339377e-23,0.0,1.0587911840678754e-22,8.509825404910396,8.295264360626806,4.568921573380524,0.05238702066669753,0.0,5.429292992968545e-06,2.99038256104913e-06,3.4287573230228765e-08,9.817687541248978e-23
415,0.0,5.708946883942747,59.67617848970246,0.0,0.0,0.0,0.0,1.0587911840678754e-22,8.520901464718436,8.305304099005916,4.5752080613853545,0.05237727272673004,0.0,5.170753835030853e-06,2.8484537528608814e-06,3.260927963550907e-08,9.817687541248978e-23
416,0.0,5.708946883942747,59.67498855835235,0.0,0.0,5.293955920339377e-23,8.470329472543003e-22,1.0587911840678754e-22,8.532024801551913,8.31539808831127,4.58152630288787,0.05236752665013567,2.117582368135751e-22,4.92455106457571e-06,2.7132748176866315e-06,3.101313447268382e-08,9.817687541248978e-23
417,0.0,5.708946883942747,59.673798627002235,0.0,8.470329472543003e-22,2.6469779601696886e-22,8.470329472543003e-22,2.117582368135751e-22,8.543195084527085,8.325545976653158,4.587876120722187,0.052357782436539275,1.0587911840678754e-22,4.6900945639997005e-06,2.584523935672522e-06,2.949511677404764e-08,1.9635375082497955e-22
418,0.0,5.708946883942747,59.672608695652116,0.0,2.541098841762901e-21,0.0,0.0,0.0,8.55441198392514,8.335747413029473,4.594257338082141,0.05234804008557749,0.0,4.466822530141326e-06,2.4618946772202783e-06,2.8051402384912874e-08,0.0
419,0.0,5.708946883942747,59.671418764302004,0.0,2.541098841762901e-21,0.0,0.0,1.0587911840678754e-22,8.565675171202331,8.34600204734271,4.600669778530977,0.052338299596887926,0.0,4.254200110327362e-06,2.3450952645655567e-06,2.6678354337253645e-08,9.817687541248978e-23
420,0.0,5.708946883942747,59.67022883295189,0.0,1.6940658945086007e-21,1.0587911840678754e-22,0.0,1.0587911840678754e-22,8.576984318999747,8.356309530416526,4.607113266010616,0.05232856097010503,2.117582368135751e-22,4.051718105012755e-06,2.2338478683174105e-06,2.5372513682354104e-08,9.817687541248978e-23
421,0.0,5.708946883942747,59.66903890160177,0.0,0.0,1.5881867761018131e-22,8.470329472543003e-22,0.0,8.588339101152988,8.366669514011917,4.613587624850939,0.05231882420487024,1.0587911840678754e-22,3.858891733324388e-06,2.1278879387576905e-06,2.413059077825034e-08,0.0
422,0.0,5.708946883942747,59.66784897025166,0.0,8.470329472543003e-22,5.293955920339377e-23,1.2705494208814505e-21,0.0,8.599739192701351,8.3770816508431,4.620092679778873,0.05230908930081878,0.0,3.67525945773004e-06,2.02696356854326e-06,2.294945700524048e-08,0.0
423,0.0,5.708946883942747,59.66665903890154,0.0,8.470329472543003e-22,5.293955920339377e-23,1.6940658945086007e-21,5.293955920339377e-23,8.611184269896867,8.387545594593064,4.62662825592719,0.05229935625755452,1.0587911840678754e-22,3.500381865899057e-06,1.9308348866495293e-06,2.1826136880218507e-08,4.908843770624489e-23
424,0.0,5.708946883942747,59.66546910755143,0.0,0.0,5.293955920339377e-23,4.235164736271502e-22,1.5881867761018131e-22,8.622674010212894,8.398060999928681,4.633194178843298,0.0522896250747583,1.0587911840678754e-22,3.3338406063194554e-06,1.8392734811357959e-06,2.075780056466115e-08,1.4726531311873466e-22
425,0.0,5.708946883942747,59.66427917620132,0.0,8.470329472543003e-22,0.0,0.0,2.117582368135751e-22,8.634208092352598,8.40862752251557,4.63979027449759,0.052279895752055966,5.293955920339377e-23,3.175237375714446e-06,1.7520618502402937e-06,1.9741756731190108e-08,1.9635375082497955e-22
426,0.0,5.708946883942747,59.6630892448512,0.0,8.470329472543003e-22,0.0,4.235164736271502e-22,0.0,8.645786196257,8.419244819032544,4.646416369291881,0.0522701682890802,1.0587911840678754e-22,3.0241929548398766e-06,1.6689928789501228e-06,1.8775445789163055e-08,0.0
427,0.0,5.708946883942747,59.66189931350109,0.0,0.0,2.6469779601696886e-23,4.235164736271502e-22,1.5881867761018131e-22,8.657408003112915,8.429912547185745,4.653072290067499,0.05226044268545869,0.0,2.880346290844852e-06,1.5898693416661832e-06,1.7856433432682687e-08,1.4726531311873466e-22
428,0.0,5.708946883942747,59.66070938215097,0.0,8.470329472543003e-22,2.6469779601696886e-23,4.235164736271502e-22,1.0587911840678754e-22,8.669073195360369,8.440630365722484,4.659757864113345,0.05225071894082665,1.0587911840678754e-22,2.7433536244617526e-06,1.5145034282850713e-06,1.6982404510198635e-08,9.817687541248978e-23
429,0.0,5.708946883942747,59.65951945080086,0.0,8.470329472543003e-22,7.940933880509066e-23,1.2705494208814505e-21,5.293955920339377e-23,8.680781456700048,8.451397934444639,4.666472919173514,0.05224099705483368,5.293955920339377e-23,2.6128876591482323e-06,1.4427162933789254e-06,1.6151157188892146e-08,4.908843770624489e-23
430,0.0,5.708946883942747,59.658329519450746,0.0,8.470329472543003e-22,5.293955920339377e-23,8.470329472543003e-22,0.0,8.692532472100188,8.462214914221883,4.673217283455119,0.05223127702711549,5.293955920339377e-23,2.488636769465081e-06,1.3743376268341333e-06,1.5360597413119877e-08,0.0
431,0.0,5.708946883942747,59.65713958810063,0.0,8.470329472543003e-22,2.6469779601696886e-23,4.235164736271502e-22,5.293955920339377e-23,8.704325927803403,8.47308096700431,4.679990785635608,0.052221558857307025,0.0,2.37030424877258e-06,1.309205244966243e-06,1.4608733625545587e-08,4.908843770624489e-23
432,0.0,5.708946883942747,59.655949656750515,0.0,4.235164736271502e-22,5.293955920339377e-23,0.0,5.293955920339377e-23,8.716161511333144,8.483995755835108,4.686793254870081,0.05221184254504248,1.0587911840678754e-22,2.2576075926296498e-06,1.247164701927717e-06,1.3893671750282344e-08,4.908843770624489e-23
433,0.0,5.708946883942747,59.6547597254004,0.0,4.235164736271502e-22,0.0,8.470329472543003e-22,5.293955920339377e-23,8.728038911500002,8.494958944862585,4.693624520798361,0.05220212808996823,5.293955920339377e-23,2.1502778171998823e-06,1.188068918920813e-06,1.3213610421190829e-08,4.908843770624489e-23
434,0.0,5.708946883942747,59.653569794050284,0.0,1.2705494208814505e-21,7.940933880509066e-23,0.0,5.293955920339377e-23,8.739957818407628,8.505970199352031,4.700484413552038,0.05219241549169828,0.0,2.0480588092402273e-06,1.131777831941545e-06,1.2566836447739333e-08,4.908843770624489e-23
435,0.0,5.708946883942747,59.65237986270017,0.0,4.235164736271502e-22,2.6469779601696886e-23,4.235164736271502e-22,5.293955920339377e-23,8.751917923458505,8.517029185697229,4.707372763761139,0.05218270474989074,7.940933880509066e-23,1.950706709070963e-06,1.0781580562778408e-06,1.1951720491901824e-08,4.908843770624489e-23
436,0.0,5.708946883942747,59.65118993135005,0.0,4.235164736271502e-22,2.6469779601696886e-23,1.0587911840678754e-21,0.0,8.763918919359352,8.52813557143166,4.714289402560767,0.05217299586418098,7.940933880509066e-23,1.8579893220891524e-06,1.0270825666055982e-06,1.1366712970773153e-08,0.0
437,0.0,5.708946883942747,59.64999999999994,0.0,4.235164736271502e-22,5.293955920339377e-23,6.352747104407253e-22,2.6469779601696886e-23,8.775960500126503,8.539289025239343,4.721234161597532,0.05216328883419522,2.6469779601696886e-23,1.7696855598164133e-06,9.784303933398381e-07,1.0810340150159941e-08,2.4544218853122444e-23
